6.423170700000000011e+01,2.772920299999999827e+01
6.423170700000000011e+01,2.772920299999999827e+01
6.423155400000000270e+01,2.772929399999999944e+01
6.423162000000000660e+01,2.772960399999999836e+01
6.423166799999999910e+01,2.772981800000000163e+01
6.423169400000000451e+01,2.773001899999999864e+01
6.423174400000000617e+01,2.773014900000000083e+01
6.423182500000000061e+01,2.773026199999999974e+01
6.423186699999999405e+01,2.773035700000000148e+01
6.423196099999999831e+01,2.773046499999999881e+01
6.423202299999999809e+01,2.773054899999999989e+01
6.423207800000000134e+01,2.773061799999999977e+01
6.423213199999999290e+01,2.773069500000000076e+01
6.423218300000000625e+01,2.773078299999999885e+01
6.423226300000000322e+01,2.773087400000000002e+01
6.423228899999999442e+01,2.773090799999999945e+01
6.423231199999999319e+01,2.773094100000000140e+01
6.423234899999999925e+01,2.773101199999999977e+01
6.423234899999999925e+01,2.773101199999999977e+01
6.423234899999999925e+01,2.773101199999999977e+01
6.423241500000000315e+01,2.773108099999999965e+01
6.423244900000000257e+01,2.773115500000000111e+01
6.423250000000000171e+01,2.773120700000000127e+01
6.423256000000000654e+01,2.773124800000000079e+01
6.423259400000000596e+01,2.773133400000000037e+01
6.423259400000000596e+01,2.773145500000000041e+01
6.423258099999999615e+01,2.773155300000000167e+01
6.423257700000000625e+01,2.773168199999999928e+01
6.423254099999999767e+01,2.773182299999999856e+01
6.423249800000000675e+01,2.773190900000000170e+01
6.423247600000000546e+01,2.773212200000000038e+01
6.423246699999999976e+01,2.773222700000000174e+01
6.423246000000000322e+01,2.773228599999999844e+01
6.423245599999999911e+01,2.773235000000000028e+01
6.423245199999999500e+01,2.773242000000000118e+01
6.423244599999999593e+01,2.773249099999999956e+01
6.423243800000000192e+01,2.773256200000000149e+01
6.423241799999999557e+01,2.773269200000000012e+01
6.423240599999999745e+01,2.773278799999999933e+01
6.423237000000000307e+01,2.773290199999999928e+01
6.423235999999999990e+01,2.773299000000000092e+01
6.423233799999999860e+01,2.773309499999999872e+01
6.423230300000000170e+01,2.773316499999999962e+01
6.423228400000000704e+01,2.773320599999999914e+01
6.423225999999999658e+01,2.773326799999999892e+01
6.423223500000000286e+01,2.773332200000000114e+01
6.423221100000000661e+01,2.773337300000000027e+01
6.423218900000000531e+01,2.773346599999999995e+01
6.423218500000000120e+01,2.773359299999999905e+01
6.423219699999999932e+01,2.773373199999999983e+01
6.423220200000000091e+01,2.773379800000000017e+01
6.423220600000000502e+01,2.773385199999999884e+01
6.423222800000000632e+01,2.773396199999999823e+01
6.423226099999999406e+01,2.773405999999999949e+01
6.423228199999999788e+01,2.773416399999999982e+01
6.423229899999999759e+01,2.773429700000000153e+01
6.423230599999999413e+01,2.773436900000000094e+01
6.423231199999999319e+01,2.773442400000000063e+01
6.423230499999999665e+01,2.773453800000000058e+01
6.423228400000000704e+01,2.773466099999999912e+01
6.423227400000000387e+01,2.773472500000000096e+01
6.423226300000000322e+01,2.773479199999999878e+01
6.423224899999999593e+01,2.773490800000000078e+01
6.423221999999999809e+01,2.773499899999999840e+01
6.423220299999999838e+01,2.773511699999999891e+01
6.423218799999999362e+01,2.773520900000000111e+01
6.423218799999999362e+01,2.773520900000000111e+01
6.423222099999999557e+01,2.773543199999999942e+01
6.423219699999999932e+01,2.773554700000000039e+01
6.423215899999999579e+01,2.773562899999999942e+01
6.423212900000000047e+01,2.773570899999999995e+01
6.423211200000000076e+01,2.773580700000000121e+01
6.423210799999999665e+01,2.773590199999999939e+01
6.423209400000000358e+01,2.773599099999999851e+01
6.423208300000000293e+01,2.773609499999999883e+01
6.423207499999999470e+01,2.773617099999999880e+01
6.423208800000000451e+01,2.773628700000000080e+01
6.423207700000000386e+01,2.773639599999999916e+01
6.423207100000000480e+01,2.773645499999999942e+01
6.423206299999999658e+01,2.773653699999999844e+01
6.423205500000000256e+01,2.773659699999999972e+01
6.423204800000000603e+01,2.773664899999999989e+01
6.423202399999999557e+01,2.773674300000000059e+01
6.423200900000000502e+01,2.773681600000000103e+01
6.423199400000000026e+01,2.773689699999999903e+01
6.423197999999999297e+01,2.773696899999999843e+01
6.423197199999999896e+01,2.773708600000000146e+01
6.423195200000000682e+01,2.773718300000000170e+01
6.423193799999999953e+01,2.773724400000000045e+01
6.423192799999999636e+01,2.773738200000000020e+01
6.423190999999999917e+01,2.773748399999999847e+01
6.423189700000000357e+01,2.773763500000000093e+01
6.423187900000000639e+01,2.773774600000000135e+01
6.423186900000000321e+01,2.773785200000000017e+01
6.423186300000000415e+01,2.773790800000000090e+01
6.423185599999999340e+01,2.773796400000000162e+01
6.423183600000000126e+01,2.773806700000000092e+01
6.423182199999999398e+01,2.773812699999999865e+01
6.423180800000000090e+01,2.773824400000000168e+01
6.423179399999999362e+01,2.773840099999999964e+01
6.423178799999999455e+01,2.773845599999999934e+01
6.423177900000000307e+01,2.773858999999999853e+01
6.423177699999999390e+01,2.773869399999999885e+01
6.423177699999999390e+01,2.773875100000000060e+01
6.423176899999999989e+01,2.773886500000000055e+01
6.423175100000000270e+01,2.773900899999999936e+01
6.423174500000000364e+01,2.773906699999999859e+01
6.423173800000000710e+01,2.773922500000000113e+01
6.423173400000000299e+01,2.773928000000000083e+01
6.423172700000000646e+01,2.773934300000000164e+01
6.423171899999999823e+01,2.773940100000000086e+01
6.423171299999999917e+01,2.773945200000000000e+01
6.423170500000000516e+01,2.773951200000000128e+01
6.423169699999999693e+01,2.773958400000000069e+01
6.423168599999999628e+01,2.773966700000000074e+01
6.423167700000000480e+01,2.773973799999999912e+01
6.423166999999999405e+01,2.773978899999999825e+01
6.423166500000000667e+01,2.773991900000000044e+01
6.423166200000000003e+01,2.774001900000000020e+01
6.423165600000000097e+01,2.774012499999999903e+01
6.423165500000000350e+01,2.774017800000000022e+01
6.423164900000000443e+01,2.774029000000000167e+01
6.423164199999999369e+01,2.774038799999999938e+01
6.423163499999999715e+01,2.774045100000000019e+01
6.423162600000000566e+01,2.774052000000000007e+01
6.423161399999999333e+01,2.774059099999999844e+01
6.423160500000000184e+01,2.774065900000000084e+01
6.423159699999999361e+01,2.774072299999999913e+01
6.423158700000000465e+01,2.774079599999999957e+01
6.423157600000000400e+01,2.774086700000000150e+01
6.423155400000000270e+01,2.774097499999999883e+01
6.423154399999999953e+01,2.774103300000000161e+01
6.423152000000000328e+01,2.774117000000000033e+01
6.423150699999999347e+01,2.774123799999999918e+01
6.423149399999999787e+01,2.774135000000000062e+01
6.423148700000000133e+01,2.774141300000000143e+01
6.423147899999999311e+01,2.774147999999999925e+01
6.423146699999999498e+01,2.774155599999999922e+01
6.423145700000000602e+01,2.774162799999999862e+01
6.423145200000000443e+01,2.774167900000000131e+01
6.423144700000000284e+01,2.774179600000000079e+01
6.423144299999999873e+01,2.774185400000000001e+01
6.423142699999999650e+01,2.774197399999999902e+01
6.423140700000000436e+01,2.774209000000000103e+01
6.423139500000000623e+01,2.774220000000000041e+01
6.423139000000000465e+01,2.774225099999999955e+01
6.423138199999999642e+01,2.774231100000000083e+01
6.423137499999999989e+01,2.774236499999999950e+01
6.423136999999999830e+01,2.774241800000000069e+01
6.423136100000000681e+01,2.774248300000000000e+01
6.423135200000000111e+01,2.774254200000000026e+01
6.423134199999999794e+01,2.774259999999999948e+01
6.423132999999999981e+01,2.774266599999999983e+01
6.423132200000000580e+01,2.774272600000000111e+01
6.423131600000000674e+01,2.774278100000000080e+01
6.423130799999999851e+01,2.774289999999999878e+01
6.423130199999999945e+01,2.774296500000000165e+01
6.423130799999999851e+01,2.774308299999999861e+01
6.423136300000000176e+01,2.774316999999999922e+01
6.423140399999999772e+01,2.774324700000000021e+01
6.423139600000000371e+01,2.774338900000000052e+01
6.423137900000000400e+01,2.774351700000000065e+01
6.423136900000000082e+01,2.774357799999999941e+01
6.423135800000000017e+01,2.774363599999999863e+01
6.423134699999999953e+01,2.774370000000000047e+01
6.423134100000000046e+01,2.774381400000000042e+01
6.423134699999999953e+01,2.774394799999999961e+01
6.423136399999999924e+01,2.774397599999999997e+01
6.423144299999999873e+01,2.774393699999999896e+01
6.423149700000000450e+01,2.774398000000000053e+01
6.423153700000000299e+01,2.774400500000000136e+01
6.423159300000000371e+01,2.774403300000000172e+01
6.423163700000000631e+01,2.774406199999999956e+01
6.423169599999999946e+01,2.774409500000000151e+01
6.423175899999999672e+01,2.774415300000000073e+01
6.423181399999999996e+01,2.774421900000000107e+01
6.423184899999999686e+01,2.774426700000000068e+01
6.423188600000000292e+01,2.774431500000000028e+01
6.423191500000000076e+01,2.774440099999999987e+01
6.423196799999999484e+01,2.774446700000000021e+01
6.423202100000000314e+01,2.774465599999999910e+01
6.423205400000000509e+01,2.774482700000000079e+01
6.423210299999999506e+01,2.774489799999999917e+01
6.423216899999999896e+01,2.774498200000000026e+01
6.423221499999999651e+01,2.774509400000000170e+01
6.423223299999999369e+01,2.774513400000000019e+01
6.423225200000000257e+01,2.774517699999999820e+01
6.423229800000000012e+01,2.774526600000000087e+01
6.423235699999999326e+01,2.774532599999999860e+01
6.423241000000000156e+01,2.774540400000000062e+01
6.423245799999999406e+01,2.774543600000000154e+01
6.423251100000000235e+01,2.774546399999999835e+01
6.423256299999999896e+01,2.774551100000000048e+01
6.423260999999999399e+01,2.774553200000000075e+01
6.423265600000000575e+01,2.774554900000000046e+01
6.423270100000000582e+01,2.774551800000000057e+01
6.423274600000000589e+01,2.774550400000000039e+01
6.423277299999999457e+01,2.774550100000000086e+01
6.423280200000000661e+01,2.774549499999999824e+01
6.423285599999999818e+01,2.774549599999999927e+01
6.423291500000000553e+01,2.774553799999999981e+01
6.423294099999999673e+01,2.774555499999999952e+01
6.423299099999999839e+01,2.774557199999999924e+01
6.423303900000000510e+01,2.774556300000000064e+01
6.423306599999999378e+01,2.774556000000000111e+01
6.423309100000000171e+01,2.774556000000000111e+01
6.423311599999999544e+01,2.774556499999999915e+01
6.423319700000000410e+01,2.774555199999999999e+01
6.423322600000000193e+01,2.774555099999999896e+01
6.423325400000000229e+01,2.774554900000000046e+01
6.423329900000000237e+01,2.774557300000000026e+01
6.423336100000000215e+01,2.774559899999999857e+01
6.423341000000000633e+01,2.774559100000000100e+01
6.423343699999999501e+01,2.774558999999999997e+01
6.423348199999999508e+01,2.774560699999999969e+01
6.423355200000000309e+01,2.774567899999999909e+01
6.423362500000000352e+01,2.774568400000000068e+01
6.423367399999999350e+01,2.774571299999999852e+01
6.423370300000000555e+01,2.774573399999999879e+01
6.423376199999999869e+01,2.774576100000000167e+01
6.423379099999999653e+01,2.774577499999999830e+01
6.423381700000000194e+01,2.774578400000000045e+01
6.423388400000000331e+01,2.774576199999999915e+01
6.423394399999999393e+01,2.774578299999999942e+01
6.423398699999999906e+01,2.774582200000000043e+01
6.423400999999999783e+01,2.774584099999999864e+01
6.423408299999999826e+01,2.774591699999999861e+01
6.423412100000000180e+01,2.774596100000000121e+01
6.423415900000000534e+01,2.774599800000000016e+01
6.423423099999999408e+01,2.774606500000000153e+01
6.423426999999999509e+01,2.774609799999999993e+01
6.423429500000000303e+01,2.774611600000000067e+01
6.423436200000000440e+01,2.774613599999999991e+01
6.423444800000000043e+01,2.774616299999999924e+01
6.423451000000000022e+01,2.774621300000000090e+01
6.423456000000000188e+01,2.774624499999999827e+01
6.423461799999999755e+01,2.774628399999999928e+01
6.423465400000000614e+01,2.774630600000000058e+01
6.423470000000000368e+01,2.774634999999999962e+01
6.423475999999999431e+01,2.774638799999999961e+01
6.423481999999999914e+01,2.774639700000000175e+01
6.423487000000000080e+01,2.774642400000000109e+01
6.423490300000000275e+01,2.774644400000000033e+01
6.423495200000000693e+01,2.774646900000000116e+01
6.423499999999999943e+01,2.774650499999999909e+01
6.423505699999999763e+01,2.774649499999999946e+01
6.423509500000000116e+01,2.774648799999999937e+01
6.423514000000000124e+01,2.774645800000000051e+01
6.423519299999999532e+01,2.774646900000000116e+01
6.423524399999999446e+01,2.774645100000000042e+01
6.423529100000000369e+01,2.774645200000000145e+01
6.423534800000000189e+01,2.774647600000000125e+01
6.423540400000000261e+01,2.774650000000000105e+01
6.423543100000000550e+01,2.774651700000000076e+01
6.423547000000000651e+01,2.774659000000000120e+01
6.423549900000000434e+01,2.774667900000000031e+01
6.423552200000000312e+01,2.774674999999999869e+01
6.423555799999999749e+01,2.774685600000000107e+01
6.423558900000000449e+01,2.774697600000000008e+01
6.423561300000000074e+01,2.774705300000000108e+01
6.423563500000000204e+01,2.774713200000000057e+01
6.423567099999999641e+01,2.774723099999999931e+01
6.423571400000000153e+01,2.774731200000000086e+01
6.423575400000000002e+01,2.774736499999999850e+01
6.423580200000000673e+01,2.774740999999999858e+01
6.423586699999999894e+01,2.774745100000000164e+01
6.423589699999999425e+01,2.774747500000000144e+01
6.423593800000000442e+01,2.774752700000000161e+01
6.423598699999999440e+01,2.774757900000000177e+01
6.423603500000000111e+01,2.774764800000000164e+01
6.423605700000000240e+01,2.774767500000000098e+01
6.423611400000000060e+01,2.774770000000000181e+01
6.423615599999999404e+01,2.774773899999999927e+01
6.423620900000000233e+01,2.774777299999999869e+01
6.423624999999999829e+01,2.774781799999999876e+01
6.423629699999999332e+01,2.774785200000000174e+01
6.423635000000000161e+01,2.774785800000000080e+01
6.423641499999999382e+01,2.774786699999999939e+01
6.423646999999999707e+01,2.774789000000000172e+01
6.423651800000000378e+01,2.774791300000000049e+01
6.423657699999999693e+01,2.774792800000000170e+01
6.423659999999999570e+01,2.774793800000000132e+01
6.423663200000000018e+01,2.774795200000000150e+01
6.423668399999999679e+01,2.774800199999999961e+01
6.423672399999999527e+01,2.774803800000000109e+01
6.423677299999999946e+01,2.774808699999999817e+01
6.423683300000000429e+01,2.774812000000000012e+01
6.423685999999999297e+01,2.774813899999999833e+01
6.423689000000000249e+01,2.774816299999999814e+01
6.423692499999999939e+01,2.774819899999999961e+01
6.423697900000000516e+01,2.774822199999999839e+01
6.423701099999999542e+01,2.774822999999999951e+01
6.423703500000000588e+01,2.774823599999999857e+01
6.423708799999999997e+01,2.774827399999999855e+01
6.423712100000000191e+01,2.774829400000000135e+01
6.423714900000000227e+01,2.774830899999999900e+01
6.423719800000000646e+01,2.774836799999999926e+01
6.423725000000000307e+01,2.774836600000000075e+01
6.423729400000000567e+01,2.774839499999999859e+01
6.423734100000000069e+01,2.774845699999999837e+01
6.423734699999999975e+01,2.774856400000000178e+01
6.423734699999999975e+01,2.774856400000000178e+01
6.423734699999999975e+01,2.774856400000000178e+01
6.423734500000000480e+01,2.774867300000000014e+01
6.423734799999999723e+01,2.774878299999999953e+01
6.423733099999999752e+01,2.774889599999999845e+01
6.423732699999999340e+01,2.774900500000000036e+01
6.423732599999999593e+01,2.774906700000000015e+01
6.423738899999999319e+01,2.774911099999999919e+01
6.423743699999999990e+01,2.774910699999999864e+01
6.423748199999999997e+01,2.774913400000000152e+01
6.423754300000000228e+01,2.774918600000000168e+01
6.423756400000000610e+01,2.774920699999999840e+01
6.423758499999999572e+01,2.774922799999999867e+01
6.423762100000000430e+01,2.774926500000000118e+01
6.423765000000000214e+01,2.774929699999999855e+01
6.423767399999999839e+01,2.774932799999999844e+01
6.423771999999999593e+01,2.774940899999999999e+01
6.423775200000000041e+01,2.774945500000000109e+01
6.423778099999999824e+01,2.774949000000000154e+01
6.423781400000000019e+01,2.774953100000000106e+01
6.423786300000000438e+01,2.774955999999999889e+01
6.423789100000000474e+01,2.774957799999999963e+01
6.423793299999999817e+01,2.774964900000000156e+01
6.423798299999999983e+01,2.774969499999999911e+01
6.423802399999999579e+01,2.774975399999999937e+01
6.423807600000000662e+01,2.774980400000000103e+01
6.423810100000000034e+01,2.774982999999999933e+01
6.423814099999999883e+01,2.774989000000000061e+01
6.423820299999999861e+01,2.774993399999999966e+01
6.423824600000000373e+01,2.774998000000000076e+01
6.423829700000000287e+01,2.775003600000000148e+01
6.423835300000000359e+01,2.775005300000000119e+01
6.423839599999999450e+01,2.775009899999999874e+01
6.423844800000000532e+01,2.775016600000000011e+01
6.423848599999999465e+01,2.775021200000000121e+01
6.423852899999999977e+01,2.775028400000000062e+01
6.423856399999999667e+01,2.775035099999999844e+01
6.423860600000000431e+01,2.775035799999999853e+01
6.423865800000000092e+01,2.775037299999999973e+01
6.423870200000000352e+01,2.775043099999999896e+01
6.423872099999999818e+01,2.775046100000000138e+01
6.423874200000000201e+01,2.775049699999999930e+01
6.423878399999999544e+01,2.775054899999999947e+01
6.423881000000000085e+01,2.775057899999999833e+01
6.423883399999999710e+01,2.775060399999999916e+01
6.423885599999999840e+01,2.775063000000000102e+01
6.423890900000000670e+01,2.775067999999999913e+01
6.423893200000000547e+01,2.775069799999999987e+01
6.423896499999999321e+01,2.775072799999999873e+01
6.423901499999999487e+01,2.775075800000000115e+01
6.423905700000000252e+01,2.775082599999999999e+01
6.423907699999999465e+01,2.775086299999999895e+01
6.423913600000000201e+01,2.775093400000000088e+01
6.423917500000000302e+01,2.775098099999999945e+01
6.423926199999999653e+01,2.775115800000000021e+01
6.423930199999999502e+01,2.775125200000000092e+01
6.423934300000000519e+01,2.775132299999999930e+01
6.423936700000000144e+01,2.775136200000000031e+01
6.423940600000000245e+01,2.775142599999999860e+01
6.423944199999999682e+01,2.775148000000000081e+01
6.423948099999999783e+01,2.775152699999999939e+01
6.423952599999999791e+01,2.775158700000000067e+01
6.423955999999999733e+01,2.775164300000000139e+01
6.423958100000000115e+01,2.775167499999999876e+01
6.423960099999999329e+01,2.775171200000000127e+01
6.423963899999999683e+01,2.775178100000000114e+01
6.423966000000000065e+01,2.775181399999999954e+01
6.423970300000000577e+01,2.775184899999999999e+01
6.423975099999999827e+01,2.775194000000000116e+01
6.423978499999999769e+01,2.775200699999999898e+01
6.423984299999999337e+01,2.775213799999999864e+01
6.423985999999999308e+01,2.775217599999999862e+01
6.423987900000000195e+01,2.775221499999999963e+01
6.423990200000000073e+01,2.775226200000000176e+01
6.423992699999999445e+01,2.775231199999999987e+01
6.423995299999999986e+01,2.775236599999999854e+01
6.423997599999999863e+01,2.775241400000000169e+01
6.423999799999999993e+01,2.775245100000000065e+01
6.424002199999999618e+01,2.775248900000000063e+01
6.424004600000000664e+01,2.775252000000000052e+01
6.424006699999999626e+01,2.775254299999999930e+01
6.424011299999999380e+01,2.775261400000000123e+01
6.424014400000000080e+01,2.775269499999999923e+01
6.424016299999999546e+01,2.775274699999999939e+01
6.424018100000000686e+01,2.775279000000000096e+01
6.424023499999999842e+01,2.775289300000000026e+01
6.424025399999999308e+01,2.775292800000000071e+01
6.424027300000000196e+01,2.775296300000000116e+01
6.424030500000000643e+01,2.775302800000000047e+01
6.424034600000000239e+01,2.775315200000000004e+01
6.424035899999999799e+01,2.775319400000000059e+01
6.424040999999999713e+01,2.775329699999999988e+01
6.424045300000000225e+01,2.775336300000000023e+01
6.424047199999999691e+01,2.775339599999999862e+01
6.424051199999999540e+01,2.775348400000000026e+01
6.424054599999999482e+01,2.775356299999999976e+01
6.424056600000000117e+01,2.775360799999999983e+01
6.424058899999999994e+01,2.775365499999999841e+01
6.424061399999999367e+01,2.775370300000000157e+01
6.424063900000000160e+01,2.775374599999999958e+01
6.424066500000000701e+01,2.775379099999999966e+01
6.424069000000000074e+01,2.775383899999999926e+01
6.424071299999999951e+01,2.775387999999999877e+01
6.424073699999999576e+01,2.775392000000000081e+01
6.424075899999999706e+01,2.775395999999999930e+01
6.424079500000000564e+01,2.775404100000000085e+01
6.424081300000000283e+01,2.775408099999999934e+01
6.424083100000000002e+01,2.775411599999999979e+01
6.424086900000000355e+01,2.775419300000000078e+01
6.424089899999999886e+01,2.775426099999999963e+01
6.424092899999999418e+01,2.775434200000000118e+01
6.424094700000000557e+01,2.775438700000000125e+01
6.424096500000000276e+01,2.775442500000000123e+01
6.424099599999999555e+01,2.775449899999999914e+01
6.424101400000000694e+01,2.775453900000000118e+01
6.424103300000000161e+01,2.775458100000000172e+01
6.424107499999999504e+01,2.775466799999999878e+01
6.424109599999999887e+01,2.775470400000000026e+01
6.424112100000000680e+01,2.775474499999999978e+01
6.424114899999999295e+01,2.775479500000000144e+01
6.424117300000000341e+01,2.775484000000000151e+01
6.424120100000000377e+01,2.775489200000000167e+01
6.424123000000000161e+01,2.775494300000000081e+01
6.424124999999999375e+01,2.775498199999999827e+01
6.424127300000000673e+01,2.775502900000000039e+01
6.424129800000000046e+01,2.775508200000000159e+01
6.424131800000000680e+01,2.775512300000000110e+01
6.424137500000000500e+01,2.775521000000000171e+01
6.424140099999999620e+01,2.775524599999999964e+01
6.424144900000000291e+01,2.775533499999999876e+01
6.424149099999999635e+01,2.775543800000000161e+01
6.424151700000000176e+01,2.775549600000000083e+01
6.424154000000000053e+01,2.775554100000000091e+01
6.424157399999999996e+01,2.775559700000000163e+01
6.424159299999999462e+01,2.775562800000000152e+01
6.424161700000000508e+01,2.775566699999999898e+01
6.424165600000000609e+01,2.775575399999999959e+01
6.424169399999999541e+01,2.775585600000000142e+01
6.424171300000000429e+01,2.775589899999999943e+01
6.424173399999999390e+01,2.775594200000000100e+01
6.424175700000000688e+01,2.775599300000000014e+01
6.424177799999999650e+01,2.775604200000000077e+01
6.424179599999999368e+01,2.775609000000000037e+01
6.424181500000000256e+01,2.775612999999999886e+01
6.424183299999999974e+01,2.775616399999999828e+01
6.424185099999999693e+01,2.775619800000000126e+01
6.424187100000000328e+01,2.775623099999999965e+01
6.424189300000000458e+01,2.775626400000000160e+01
6.424193300000000306e+01,2.775636300000000034e+01
6.424194900000000530e+01,2.775640699999999939e+01
6.424196399999999585e+01,2.775645300000000049e+01
6.424197800000000314e+01,2.775649900000000159e+01
6.424201200000000256e+01,2.775657500000000155e+01
6.424206100000000674e+01,2.775664400000000143e+01
6.424208199999999636e+01,2.775667500000000132e+01
6.424210100000000523e+01,2.775670600000000121e+01
6.424214700000000278e+01,2.775680099999999939e+01
6.424216699999999491e+01,2.775684499999999844e+01
6.424218600000000379e+01,2.775688500000000047e+01
6.424220699999999340e+01,2.775692300000000046e+01
6.424222500000000480e+01,2.775695899999999838e+01
6.424224599999999441e+01,2.775699799999999939e+01
6.424227199999999982e+01,2.775704599999999900e+01
6.424229599999999607e+01,2.775709499999999963e+01
6.424237200000000314e+01,2.775719399999999837e+01
6.424243599999999788e+01,2.775728399999999851e+01
6.424247499999999889e+01,2.775739499999999893e+01
6.424247800000000552e+01,2.775750400000000084e+01
6.424255800000000249e+01,2.775764900000000068e+01
6.424261599999999817e+01,2.775770800000000094e+01
6.424266199999999571e+01,2.775778499999999838e+01
6.424269999999999925e+01,2.775786599999999993e+01
6.424275900000000661e+01,2.775795199999999952e+01
6.424278300000000286e+01,2.775798100000000090e+01
6.424281200000000069e+01,2.775801900000000089e+01
6.424284000000000106e+01,2.775805700000000087e+01
6.424291599999999391e+01,2.775819299999999856e+01
6.424294000000000437e+01,2.775824000000000069e+01
6.424296200000000567e+01,2.775828900000000132e+01
6.424298400000000697e+01,2.775833799999999840e+01
6.424301400000000228e+01,2.775839500000000015e+01
6.424306699999999637e+01,2.775847200000000115e+01
6.424309999999999832e+01,2.775852100000000178e+01
6.424315400000000409e+01,2.775862199999999902e+01
6.424322399999999789e+01,2.775873199999999841e+01
6.424324799999999414e+01,2.775877300000000147e+01
6.424329899999999327e+01,2.775889499999999899e+01
6.424332099999999457e+01,2.775894500000000065e+01
6.424334199999999839e+01,2.775899300000000025e+01
6.424336599999999464e+01,2.775904200000000088e+01
6.424339100000000258e+01,2.775908700000000096e+01
6.424341400000000135e+01,2.775913100000000000e+01
6.424343799999999760e+01,2.775917700000000110e+01
6.424347899999999356e+01,2.775927700000000087e+01
6.424349899999999991e+01,2.775932699999999897e+01
6.424351799999999457e+01,2.775937000000000054e+01
6.424356099999999969e+01,2.775944000000000145e+01
6.424358800000000258e+01,2.775947800000000143e+01
6.424360900000000640e+01,2.775951500000000038e+01
6.424363200000000518e+01,2.775955899999999943e+01
6.424365600000000143e+01,2.775960500000000053e+01
6.424367700000000525e+01,2.775964000000000098e+01
6.424369799999999486e+01,2.775967400000000040e+01
6.424371800000000121e+01,2.775971099999999936e+01
6.424374799999999652e+01,2.775980300000000156e+01
6.424379799999999818e+01,2.775991000000000142e+01
6.424382300000000612e+01,2.775996999999999915e+01
6.424384299999999826e+01,2.776001399999999819e+01
6.424388000000000432e+01,2.776011099999999843e+01
6.424390400000000056e+01,2.776017799999999980e+01
6.424391900000000533e+01,2.776022299999999987e+01
6.424395099999999559e+01,2.776030000000000086e+01
6.424397299999999689e+01,2.776034699999999944e+01
6.424400500000000136e+01,2.776043900000000164e+01
6.424402499999999350e+01,2.776049000000000078e+01
6.424406299999999703e+01,2.776055799999999962e+01
6.424409400000000403e+01,2.776063299999999856e+01
6.424411700000000280e+01,2.776068300000000022e+01
6.424416399999999783e+01,2.776074600000000103e+01
6.424419299999999566e+01,2.776078599999999952e+01
6.424422800000000677e+01,2.776086799999999855e+01
6.424426699999999357e+01,2.776094900000000010e+01
6.424430900000000122e+01,2.776100800000000035e+01
6.424433700000000158e+01,2.776104799999999884e+01
6.424437799999999754e+01,2.776113300000000095e+01
6.424439900000000137e+01,2.776117500000000149e+01
6.424442600000000425e+01,2.776122600000000062e+01
6.424444400000000144e+01,2.776125899999999902e+01
6.424447800000000086e+01,2.776135899999999879e+01
6.424452599999999336e+01,2.776144999999999996e+01
6.424454500000000223e+01,2.776148200000000088e+01
6.424458599999999819e+01,2.776158500000000018e+01
6.424462200000000678e+01,2.776165299999999903e+01
6.424465399999999704e+01,2.776171000000000078e+01
6.424467500000000086e+01,2.776174299999999917e+01
6.424469600000000469e+01,2.776178099999999915e+01
6.424471599999999682e+01,2.776186200000000071e+01
6.424466400000000021e+01,2.776190599999999975e+01
6.424463900000000649e+01,2.776192700000000002e+01
6.424460500000000707e+01,2.776199599999999990e+01
6.424456100000000447e+01,2.776204900000000109e+01
6.424453800000000570e+01,2.776208000000000098e+01
6.424450600000000122e+01,2.776215399999999889e+01
6.424447700000000339e+01,2.776225000000000165e+01
6.424445500000000209e+01,2.776236499999999907e+01
6.424441500000000360e+01,2.776246499999999884e+01
6.424438999999999567e+01,2.776252600000000115e+01
6.424436900000000605e+01,2.776257000000000019e+01
6.424433500000000663e+01,2.776268100000000061e+01
6.424431699999999523e+01,2.776277800000000084e+01
6.424427500000000180e+01,2.776287599999999856e+01
6.424424000000000490e+01,2.776299699999999859e+01
6.424421900000000107e+01,2.776306100000000043e+01
6.424420600000000547e+01,2.776310700000000153e+01
6.424416800000000194e+01,2.776319300000000112e+01
6.424415000000000475e+01,2.776330899999999957e+01
6.424414299999999400e+01,2.776336600000000132e+01
6.424411800000000028e+01,2.776346399999999903e+01
6.424410399999999299e+01,2.776352800000000087e+01
6.424408999999999992e+01,2.776359100000000169e+01
6.424407700000000432e+01,2.776365099999999941e+01
6.424403999999999826e+01,2.776374699999999862e+01
6.424401600000000201e+01,2.776381500000000102e+01
6.424398899999999912e+01,2.776391299999999873e+01
6.424397100000000194e+01,2.776397499999999852e+01
6.424395099999999559e+01,2.776403200000000027e+01
6.424392799999999681e+01,2.776408899999999846e+01
6.424389800000000150e+01,2.776418400000000020e+01
6.424387699999999768e+01,2.776425800000000166e+01
6.424386199999999292e+01,2.776430299999999818e+01
6.424384299999999826e+01,2.776436899999999852e+01
6.424382500000000107e+01,2.776443000000000083e+01
6.424379799999999818e+01,2.776455299999999937e+01
6.424376499999999623e+01,2.776464500000000157e+01
6.424372900000000186e+01,2.776472599999999957e+01
6.424370399999999393e+01,2.776478099999999927e+01
6.424367900000000020e+01,2.776486999999999838e+01
6.424364799999999320e+01,2.776495999999999853e+01
6.424362499999999443e+01,2.776501599999999925e+01
6.424360599999999977e+01,2.776507499999999951e+01
6.424358999999999753e+01,2.776512699999999967e+01
6.424356600000000128e+01,2.776524099999999962e+01
6.424353800000000092e+01,2.776535499999999956e+01
6.424352100000000121e+01,2.776546099999999839e+01
6.424349499999999580e+01,2.776554499999999948e+01
6.424346199999999385e+01,2.776562300000000150e+01
6.424342900000000611e+01,2.776571399999999912e+01
6.424339600000000416e+01,2.776579600000000170e+01
6.424336599999999464e+01,2.776588399999999979e+01
6.424332800000000532e+01,2.776598100000000002e+01
6.424330999999999392e+01,2.776603499999999869e+01
6.424329000000000178e+01,2.776610099999999903e+01
6.424327200000000460e+01,2.776615400000000022e+01
6.424323900000000265e+01,2.776628099999999932e+01
6.424321999999999377e+01,2.776634299999999911e+01
6.424318700000000604e+01,2.776642100000000113e+01
6.424316299999999558e+01,2.776648199999999989e+01
6.424313800000000185e+01,2.776659300000000030e+01
6.424312999999999363e+01,2.776663999999999888e+01
6.424308499999999356e+01,2.776673800000000014e+01
6.424305599999999572e+01,2.776682900000000132e+01
6.424303000000000452e+01,2.776690599999999876e+01
6.424300999999999817e+01,2.776696300000000051e+01
6.424297599999999875e+01,2.776702999999999832e+01
6.424295100000000502e+01,2.776713399999999865e+01
6.424293699999999774e+01,2.776719699999999946e+01
6.424292199999999298e+01,2.776727400000000046e+01
6.424290799999999990e+01,2.776734899999999939e+01
6.424287900000000207e+01,2.776742799999999889e+01
6.424284299999999348e+01,2.776750200000000035e+01
6.424280899999999406e+01,2.776761600000000030e+01
6.424279400000000351e+01,2.776765999999999934e+01
6.424276799999999810e+01,2.776772899999999922e+01
6.424273999999999774e+01,2.776779399999999853e+01
6.424271299999999485e+01,2.776788200000000018e+01
6.424267799999999795e+01,2.776795999999999864e+01
6.424265900000000329e+01,2.776799899999999965e+01
6.424262299999999470e+01,2.776810199999999895e+01
6.424258600000000285e+01,2.776817899999999995e+01
6.424255599999999333e+01,2.776827400000000168e+01
6.424253799999999615e+01,2.776833600000000146e+01
6.424251599999999485e+01,2.776842200000000105e+01
6.424251599999999485e+01,2.776842200000000105e+01
6.424251599999999485e+01,2.776842200000000105e+01
6.424248000000000047e+01,2.776849400000000045e+01
6.424245799999999917e+01,2.776854000000000156e+01
6.424243300000000545e+01,2.776858500000000163e+01
6.424241200000000163e+01,2.776862799999999964e+01
6.424238099999999463e+01,2.776872499999999988e+01
6.424236700000000155e+01,2.776876899999999893e+01
6.424232899999999802e+01,2.776885300000000001e+01
6.424230900000000588e+01,2.776890300000000167e+01
6.424228399999999795e+01,2.776896199999999837e+01
6.424225800000000675e+01,2.776905800000000113e+01
6.424221900000000574e+01,2.776912599999999998e+01
6.424218799999999874e+01,2.776921799999999863e+01
6.424215499999999679e+01,2.776930799999999877e+01
6.424212799999999390e+01,2.776939099999999883e+01
6.424211099999999419e+01,2.776944599999999852e+01
6.424209299999999701e+01,2.776951199999999886e+01
6.424207199999999318e+01,2.776962199999999825e+01
6.424205600000000516e+01,2.776969700000000074e+01
6.424204199999999787e+01,2.776975699999999847e+01
6.424202900000000227e+01,2.776981899999999825e+01
6.424202200000000573e+01,2.776992900000000120e+01
6.424199199999999621e+01,2.777004000000000161e+01
6.424197399999999902e+01,2.777014600000000044e+01
6.424194300000000624e+01,2.777023900000000012e+01
6.424191299999999671e+01,2.777034300000000044e+01
6.424187499999999318e+01,2.777041799999999938e+01
6.424184999999999945e+01,2.777046700000000001e+01
6.424181699999999751e+01,2.777052600000000027e+01
6.424178299999999808e+01,2.777061600000000041e+01
6.424175200000000530e+01,2.777073299999999989e+01
6.424174100000000465e+01,2.777077799999999996e+01
6.424172699999999736e+01,2.777083199999999863e+01
6.424169299999999794e+01,2.777093999999999951e+01
6.424167400000000328e+01,2.777100499999999883e+01
6.424164899999999534e+01,2.777111100000000121e+01
6.424163000000000068e+01,2.777119799999999827e+01
6.424159899999999368e+01,2.777127499999999927e+01
6.424156999999999584e+01,2.777138400000000118e+01
6.424152100000000587e+01,2.777148800000000151e+01
6.424150199999999700e+01,2.777153099999999952e+01
6.424148200000000486e+01,2.777157700000000062e+01
6.424144900000000291e+01,2.777167499999999833e+01
6.424142899999999656e+01,2.777172799999999953e+01
6.424140500000000031e+01,2.777178599999999875e+01
6.424138399999999649e+01,2.777183600000000041e+01
6.424136699999999678e+01,2.777187999999999946e+01
6.424134899999999959e+01,2.777193300000000065e+01
6.424133399999999483e+01,2.777198399999999978e+01
6.424131699999999512e+01,2.777204199999999901e+01
6.424129499999999382e+01,2.777210399999999879e+01
6.424127699999999663e+01,2.777215599999999895e+01
6.424125800000000197e+01,2.777220900000000015e+01
6.424122199999999339e+01,2.777236100000000008e+01
6.424118400000000406e+01,2.777245900000000134e+01
6.424114400000000558e+01,2.777254100000000037e+01
6.424111600000000522e+01,2.777263900000000163e+01
6.424110100000000045e+01,2.777269700000000086e+01
6.424108599999999569e+01,2.777274399999999943e+01
6.424104599999999721e+01,2.777283800000000014e+01
6.424102499999999338e+01,2.777288300000000021e+01
6.424100599999999872e+01,2.777293299999999832e+01
6.424097700000000088e+01,2.777303399999999911e+01
6.424096099999999865e+01,2.777309100000000086e+01
6.424094900000000052e+01,2.777313799999999944e+01
6.424093499999999324e+01,2.777318599999999904e+01
6.424088700000000074e+01,2.777331200000000067e+01
6.424086599999999692e+01,2.777336199999999877e+01
6.424084799999999973e+01,2.777341099999999940e+01
6.424083400000000665e+01,2.777345199999999892e+01
6.424076700000000528e+01,2.777359699999999876e+01
6.424071600000000615e+01,2.777376399999999990e+01
6.424069699999999727e+01,2.777382100000000165e+01
6.424067900000000009e+01,2.777386999999999873e+01
6.424064300000000571e+01,2.777398200000000017e+01
6.424062800000000095e+01,2.777403400000000033e+01
6.424059099999999489e+01,2.777411299999999983e+01
6.424053499999999417e+01,2.777401000000000053e+01
6.424051000000000045e+01,2.777396099999999990e+01
6.424047699999999850e+01,2.777386999999999873e+01
6.424044100000000412e+01,2.777380799999999894e+01
6.424040599999999301e+01,2.777376699999999943e+01
6.424035999999999547e+01,2.777371099999999871e+01
6.424029899999999316e+01,2.777366400000000013e+01
6.424026499999999373e+01,2.777363000000000071e+01
6.424020899999999301e+01,2.777358100000000007e+01
6.424016600000000210e+01,2.777351600000000076e+01
6.424012199999999950e+01,2.777348999999999890e+01
6.424006699999999626e+01,2.777342900000000014e+01
6.424002600000000029e+01,2.777335100000000168e+01
6.423998299999999517e+01,2.777331399999999917e+01
6.423994100000000174e+01,2.777327199999999863e+01
6.423989600000000166e+01,2.777326899999999910e+01
6.423984900000000664e+01,2.777322200000000052e+01
6.423982499999999618e+01,2.777319999999999922e+01
6.423979099999999676e+01,2.777317499999999839e+01
6.423976999999999293e+01,2.777315600000000018e+01
6.423974800000000585e+01,2.777313799999999944e+01
6.423969099999999344e+01,2.777311399999999963e+01
6.423963500000000693e+01,2.777308000000000021e+01
6.423960599999999488e+01,2.777306000000000097e+01
6.423958399999999358e+01,2.777304399999999873e+01
6.423954100000000267e+01,2.777299199999999857e+01
6.423951900000000137e+01,2.777296499999999924e+01
6.423949600000000260e+01,2.777293500000000037e+01
6.423947499999999877e+01,2.777291100000000057e+01
6.423945100000000252e+01,2.777288700000000077e+01
6.423942700000000627e+01,2.777286700000000152e+01
6.423938300000000368e+01,2.777282900000000154e+01
6.423935899999999322e+01,2.777280700000000024e+01
6.423933800000000360e+01,2.777278700000000100e+01
6.423931399999999314e+01,2.777276499999999970e+01
6.423928899999999942e+01,2.777274600000000149e+01
6.423926600000000064e+01,2.777272999999999925e+01
6.423924200000000440e+01,2.777271299999999954e+01
6.423921500000000151e+01,2.777269400000000132e+01
6.423918899999999610e+01,2.777267399999999853e+01
6.423916400000000237e+01,2.777265600000000134e+01
6.423914000000000613e+01,2.777264100000000013e+01
6.423911800000000483e+01,2.777262800000000098e+01
6.423909299999999689e+01,2.777261499999999828e+01
6.423904500000000439e+01,2.777257699999999829e+01
6.423902200000000562e+01,2.777255699999999905e+01
6.423897800000000302e+01,2.777252800000000121e+01
6.423892999999999631e+01,2.777247900000000058e+01
6.423890799999999501e+01,2.777245200000000125e+01
6.423888399999999876e+01,2.777242599999999939e+01
6.423886000000000251e+01,2.777240300000000062e+01
6.423877600000000143e+01,2.777234599999999887e+01
6.423872900000000641e+01,2.777229099999999917e+01
6.423868400000000634e+01,2.777221300000000070e+01
6.423863900000000626e+01,2.777216699999999960e+01
6.423861100000000590e+01,2.777214400000000083e+01
6.423858900000000460e+01,2.777212400000000159e+01
6.423856800000000078e+01,2.777210399999999879e+01
6.423852499999999566e+01,2.777205400000000068e+01
6.423850299999999436e+01,2.777202600000000032e+01
6.423847800000000063e+01,2.777199399999999940e+01
6.423845000000000027e+01,2.777196400000000054e+01
6.423840199999999356e+01,2.777189200000000113e+01
6.423836300000000676e+01,2.777183300000000088e+01
6.423831699999999501e+01,2.777181500000000014e+01
6.423827900000000568e+01,2.777180299999999846e+01
6.423823699999999803e+01,2.777176400000000100e+01
6.423819399999999291e+01,2.777173099999999906e+01
6.423816100000000517e+01,2.777170900000000131e+01
6.423808900000000222e+01,2.777164600000000050e+01
6.423804499999999962e+01,2.777162500000000023e+01
6.423802100000000337e+01,2.777161399999999958e+01
6.423799599999999543e+01,2.777159800000000089e+01
6.423797299999999666e+01,2.777158000000000015e+01
6.423794800000000293e+01,2.777155799999999886e+01
6.423792100000000005e+01,2.777152999999999849e+01
6.423785100000000625e+01,2.777142299999999864e+01
6.423780299999999954e+01,2.777138199999999912e+01
6.423777499999999918e+01,2.777136300000000091e+01
6.423771899999999846e+01,2.777131200000000177e+01
6.423764799999999298e+01,2.777128499999999889e+01
6.423762399999999673e+01,2.777127300000000076e+01
6.423758100000000582e+01,2.777123599999999826e+01
6.423755699999999536e+01,2.777121100000000098e+01
6.423751699999999687e+01,2.777116300000000138e+01
6.423744899999999802e+01,2.777113299999999896e+01
6.423742599999999925e+01,2.777112199999999831e+01
6.423740100000000552e+01,2.777111299999999972e+01
6.423737699999999506e+01,2.777110499999999860e+01
6.423733400000000415e+01,2.777109300000000047e+01
6.423728499999999997e+01,2.777104500000000087e+01
6.423723099999999420e+01,2.777097900000000053e+01
6.423720899999999290e+01,2.777095500000000072e+01
6.423716600000000199e+01,2.777091899999999924e+01
6.423714200000000574e+01,2.777090199999999953e+01
6.423711600000000033e+01,2.777087900000000076e+01
6.423708899999999744e+01,2.777085299999999890e+01
6.423706599999999867e+01,2.777083000000000013e+01
6.423704299999999989e+01,2.777080899999999986e+01
6.423702099999999859e+01,2.777078799999999958e+01
6.423698699999999917e+01,2.777075899999999820e+01
6.423694799999999816e+01,2.777072100000000177e+01
6.423690200000000061e+01,2.777069000000000187e+01
6.423688099999999679e+01,2.777067399999999964e+01
6.423685399999999390e+01,2.777065100000000086e+01
6.423682900000000018e+01,2.777062899999999956e+01
6.423680600000000140e+01,2.777060799999999929e+01
6.423678099999999347e+01,2.777058399999999949e+01
6.423675900000000638e+01,2.777056599999999875e+01
6.423671600000000126e+01,2.777054100000000147e+01
6.423669399999999996e+01,2.777052600000000027e+01
6.423667100000000119e+01,2.777051200000000009e+01
6.423664700000000494e+01,2.777049399999999935e+01
6.423662299999999448e+01,2.777047400000000010e+01
6.423659999999999570e+01,2.777045800000000142e+01
6.423654999999999404e+01,2.777040600000000126e+01
6.423652800000000695e+01,2.777038399999999996e+01
6.423648199999999520e+01,2.777033300000000082e+01
6.423645600000000400e+01,2.777029900000000140e+01
6.423643300000000522e+01,2.777026599999999945e+01
6.423640799999999729e+01,2.777023700000000161e+01
6.423636500000000638e+01,2.777019999999999911e+01
6.423629599999999584e+01,2.777015300000000053e+01
6.423625400000000241e+01,2.777011699999999905e+01
6.423623000000000616e+01,2.777009899999999831e+01
6.423618799999999851e+01,2.777006400000000141e+01
6.423616499999999974e+01,2.777004000000000161e+01
6.423612699999999620e+01,2.776999999999999957e+01
6.423606599999999389e+01,2.776997300000000024e+01
6.423602700000000709e+01,2.776996199999999959e+01
6.423599000000000103e+01,2.776994799999999941e+01
6.423593499999999779e+01,2.776990599999999887e+01
6.423589200000000687e+01,2.776985499999999973e+01
6.423584400000000016e+01,2.776982299999999881e+01
6.423579599999999346e+01,2.776977700000000127e+01
6.423574800000000096e+01,2.776979800000000154e+01
6.423569700000000182e+01,2.776984399999999908e+01
6.423565100000000427e+01,2.776983999999999853e+01
6.423560399999999504e+01,2.776979499999999845e+01
6.423556800000000067e+01,2.776971599999999896e+01
6.423554199999999526e+01,2.776966300000000132e+01
6.423552399999999807e+01,2.776962500000000134e+01
6.423550400000000593e+01,2.776959000000000088e+01
6.423547499999999388e+01,2.776954500000000081e+01
6.423542999999999381e+01,2.776949600000000018e+01
6.423539800000000355e+01,2.776946500000000029e+01
6.423535300000000348e+01,2.776944299999999899e+01
6.423530800000000340e+01,2.776940600000000003e+01
6.423526499999999828e+01,2.776937900000000070e+01
6.423521599999999410e+01,2.776931300000000036e+01
6.423516800000000160e+01,2.776927299999999832e+01
6.423514000000000124e+01,2.776924500000000151e+01
6.423510799999999676e+01,2.776921799999999863e+01
6.423505900000000679e+01,2.776917800000000014e+01
6.423502899999999727e+01,2.776915899999999837e+01
6.423497799999999813e+01,2.776910099999999915e+01
6.423495400000000188e+01,2.776907100000000028e+01
6.423489200000000210e+01,2.776903000000000077e+01
6.423485399999999856e+01,2.776900099999999938e+01
6.423480399999999690e+01,2.776893700000000109e+01
6.423478299999999308e+01,2.776890799999999970e+01
6.423473799999999301e+01,2.776886700000000019e+01
6.423469099999999798e+01,2.776885100000000151e+01
6.423464199999999380e+01,2.776881099999999947e+01
6.423461399999999344e+01,2.776878699999999967e+01
6.423456899999999337e+01,2.776871500000000026e+01
6.423452500000000498e+01,2.776868400000000037e+01
6.423448100000000238e+01,2.776861699999999900e+01
6.423443399999999315e+01,2.776856099999999827e+01
6.423441400000000101e+01,2.776853399999999894e+01
6.423435600000000534e+01,2.776848400000000083e+01
6.423431100000000527e+01,2.776845499999999944e+01
6.423426600000000519e+01,2.776840100000000078e+01
6.423421399999999437e+01,2.776838199999999901e+01
6.423417100000000346e+01,2.776835000000000164e+01
6.423413800000000151e+01,2.776832200000000128e+01
6.423411299999999358e+01,2.776829499999999840e+01
6.423406599999999855e+01,2.776823699999999917e+01
6.423401800000000605e+01,2.776819199999999910e+01
6.423397799999999336e+01,2.776814900000000108e+01
6.423393400000000497e+01,2.776813200000000137e+01
6.423389500000000396e+01,2.776807900000000018e+01
6.423386299999999949e+01,2.776803699999999964e+01
6.423383200000000670e+01,2.776799700000000115e+01
6.423378300000000252e+01,2.776797399999999882e+01
6.423373399999999833e+01,2.776795900000000117e+01
6.423370500000000050e+01,2.776794800000000052e+01
6.423366199999999537e+01,2.776793500000000137e+01
6.423361199999999371e+01,2.776790899999999951e+01
6.423358199999999840e+01,2.776789499999999933e+01
6.423353299999999422e+01,2.776784599999999870e+01
6.423348400000000424e+01,2.776782400000000095e+01
6.423345199999999977e+01,2.776780899999999974e+01
6.423339500000000157e+01,2.776776500000000070e+01
6.423336899999999616e+01,2.776774299999999940e+01
6.423331500000000460e+01,2.776772599999999969e+01
6.423325800000000640e+01,2.776767099999999999e+01
6.423323000000000604e+01,2.776764400000000066e+01
6.423318100000000186e+01,2.776758299999999835e+01
6.423313199999999767e+01,2.776754100000000136e+01
6.423308199999999601e+01,2.776748399999999961e+01
6.423302800000000445e+01,2.776744000000000057e+01
6.423298400000000186e+01,2.776738599999999835e+01
6.423298400000000186e+01,2.776738599999999835e+01
6.423298400000000186e+01,2.776738599999999835e+01
6.423293999999999926e+01,2.776731300000000147e+01
6.423290000000000077e+01,2.776725899999999925e+01
6.423286600000000135e+01,2.776721200000000067e+01
6.423281599999999969e+01,2.776717400000000069e+01
6.423277899999999363e+01,2.776710399999999979e+01
6.423275200000000495e+01,2.776705400000000168e+01
6.423272900000000618e+01,2.776701500000000067e+01
6.423270499999999572e+01,2.776696899999999957e+01
6.423265899999999817e+01,2.776690500000000128e+01
6.423261899999999969e+01,2.776682999999999879e+01
6.423259199999999680e+01,2.776678100000000171e+01
6.423256899999999803e+01,2.776674299999999818e+01
6.423252999999999702e+01,2.776664800000000000e+01
6.423248399999999947e+01,2.776656600000000097e+01
6.423244499999999846e+01,2.776648499999999942e+01
6.423239399999999932e+01,2.776643899999999832e+01
6.423235400000000084e+01,2.776638000000000162e+01
6.423231400000000235e+01,2.776631199999999922e+01
6.423229200000000105e+01,2.776627600000000129e+01
6.423224299999999687e+01,2.776616900000000143e+01
6.423220200000000091e+01,2.776611300000000071e+01
6.423218199999999456e+01,2.776608099999999979e+01
6.423214400000000524e+01,2.776600099999999927e+01
6.423210199999999759e+01,2.776595499999999817e+01
6.423207200000000228e+01,2.776592899999999986e+01
6.423203599999999369e+01,2.776589200000000091e+01
6.423200400000000343e+01,2.776590300000000155e+01
6.423196400000000494e+01,2.776585599999999943e+01
6.423196400000000494e+01,2.776585599999999943e+01
6.423191900000000487e+01,2.776583099999999860e+01
6.423186499999999910e+01,2.776583499999999916e+01
6.423181800000000408e+01,2.776582200000000000e+01
6.423176399999999830e+01,2.776579299999999861e+01
6.423172099999999318e+01,2.776577800000000096e+01
6.423169199999999535e+01,2.776576899999999881e+01
6.423165699999999845e+01,2.776575700000000069e+01
6.423163300000000220e+01,2.776575199999999910e+01
6.423157399999999484e+01,2.776576499999999825e+01
6.423154499999999700e+01,2.776577199999999834e+01
6.423151300000000674e+01,2.776577500000000143e+01
6.423146500000000003e+01,2.776581000000000188e+01
6.423140700000000436e+01,2.776580900000000085e+01
6.423136499999999671e+01,2.776580399999999926e+01
6.423133799999999383e+01,2.776580500000000029e+01
6.423129000000000133e+01,2.776579200000000114e+01
6.423124500000000126e+01,2.776576800000000134e+01
6.423120600000000024e+01,2.776574700000000107e+01
6.423115599999999858e+01,2.776573099999999883e+01
6.423111099999999851e+01,2.776571300000000164e+01
6.423105800000000443e+01,2.776571699999999865e+01
6.423102500000000248e+01,2.776572600000000079e+01
6.423097900000000493e+01,2.776574400000000153e+01
6.423094600000000298e+01,2.776575799999999816e+01
6.423091700000000515e+01,2.776577299999999937e+01
6.423086399999999685e+01,2.776578299999999899e+01
6.423080799999999613e+01,2.776581200000000038e+01
6.423075299999999288e+01,2.776579500000000067e+01
6.423072299999999757e+01,2.776579100000000011e+01
6.423068999999999562e+01,2.776578599999999852e+01
6.423063999999999396e+01,2.776577299999999937e+01
6.423060300000000211e+01,2.776576199999999872e+01
6.423055800000000204e+01,2.776577699999999993e+01
6.423051200000000449e+01,2.776577599999999890e+01
6.423047800000000507e+01,2.776578200000000152e+01
6.423044000000000153e+01,2.776579399999999964e+01
6.423038300000000334e+01,2.776577899999999843e+01
6.423033300000000168e+01,2.776576899999999881e+01
6.423030199999999468e+01,2.776576299999999975e+01
6.423024999999999807e+01,2.776573099999999883e+01
6.423020400000000052e+01,2.776572900000000033e+01
6.423014799999999980e+01,2.776575300000000013e+01
6.423009700000000066e+01,2.776573399999999836e+01
6.423006599999999366e+01,2.776572699999999827e+01
6.423001499999999453e+01,2.776575199999999910e+01
6.422996200000000044e+01,2.776576499999999825e+01
6.422991199999999878e+01,2.776578900000000161e+01
6.422987200000000030e+01,2.776581399999999888e+01
6.422982500000000528e+01,2.776581300000000141e+01
6.422976800000000708e+01,2.776582300000000103e+01
6.422974200000000167e+01,2.776583000000000112e+01
6.422969299999999748e+01,2.776585400000000092e+01
6.422965200000000152e+01,2.776592499999999930e+01
6.422962699999999359e+01,2.776601199999999992e+01
6.422962599999999611e+01,2.776613000000000042e+01
6.422961399999999799e+01,2.776624899999999840e+01
6.422960899999999640e+01,2.776632100000000136e+01
6.422960000000000491e+01,2.776640000000000086e+01
6.422959699999999827e+01,2.776650899999999922e+01
6.422959500000000332e+01,2.776657300000000106e+01
6.422959699999999827e+01,2.776668700000000101e+01
6.422958699999999510e+01,2.776681599999999861e+01
6.422957399999999950e+01,2.776695199999999986e+01
6.422957900000000109e+01,2.776705600000000018e+01
6.422959199999999669e+01,2.776719699999999946e+01
6.422959500000000332e+01,2.776730500000000035e+01
6.422959500000000332e+01,2.776737400000000022e+01
6.422959500000000332e+01,2.776744400000000113e+01
6.422958599999999763e+01,2.776755199999999846e+01
6.422959500000000332e+01,2.776766800000000046e+01
6.422960000000000491e+01,2.776773199999999875e+01
6.422959500000000332e+01,2.776787300000000158e+01
6.422958800000000679e+01,2.776798099999999891e+01
6.422958500000000015e+01,2.776805500000000038e+01
6.422958599999999763e+01,2.776820000000000022e+01
6.422958099999999604e+01,2.776830700000000007e+01
6.422957700000000614e+01,2.776835900000000024e+01
6.422958199999999351e+01,2.776849100000000092e+01
6.422958199999999351e+01,2.776856400000000136e+01
6.422957900000000109e+01,2.776867599999999925e+01
6.422958099999999604e+01,2.776878400000000013e+01
6.422957300000000203e+01,2.776889600000000158e+01
6.422957300000000203e+01,2.776901600000000059e+01
6.422957300000000203e+01,2.776907999999999888e+01
6.422956899999999791e+01,2.776916200000000146e+01
6.422956600000000549e+01,2.776922499999999872e+01
6.422955600000000231e+01,2.776933999999999969e+01
6.422956399999999633e+01,2.776946699999999879e+01
6.422958500000000015e+01,2.776957699999999818e+01
6.422957700000000614e+01,2.776969100000000168e+01
6.422959000000000174e+01,2.776979100000000145e+01
6.422960600000000397e+01,2.776989400000000074e+01
6.422961300000000051e+01,2.777002799999999993e+01
6.422960700000000145e+01,2.777013399999999876e+01
6.422959000000000174e+01,2.777026499999999842e+01
6.422958400000000267e+01,2.777037100000000081e+01
6.422958199999999351e+01,2.777046700000000001e+01
6.422955399999999315e+01,2.777057299999999884e+01
6.422950699999999813e+01,2.777067299999999861e+01
6.422948800000000347e+01,2.777079000000000164e+01
6.422946899999999459e+01,2.777088799999999935e+01
6.422945699999999647e+01,2.777095399999999970e+01
6.422944099999999423e+01,2.777104800000000040e+01
6.422942999999999358e+01,2.777110499999999860e+01
6.422941600000000051e+01,2.777116799999999941e+01
6.422939599999999416e+01,2.777127099999999871e+01
6.422936799999999380e+01,2.777137600000000006e+01
6.422934100000000512e+01,2.777149000000000001e+01
6.422930300000000159e+01,2.777158599999999922e+01
6.422926699999999300e+01,2.777169400000000010e+01
6.422925200000000245e+01,2.777174600000000027e+01
6.422923099999999863e+01,2.777185499999999863e+01
6.422919600000000173e+01,2.777194899999999933e+01
6.422917800000000454e+01,2.777200399999999902e+01
6.422916399999999726e+01,2.777204599999999957e+01
6.422912100000000635e+01,2.777213899999999924e+01
6.422909199999999430e+01,2.777223700000000051e+01
6.422906399999999394e+01,2.777233299999999971e+01
6.422904800000000591e+01,2.777239700000000155e+01
6.422901299999999480e+01,2.777248099999999909e+01
6.422899400000000014e+01,2.777252500000000168e+01
6.422896400000000483e+01,2.777262800000000098e+01
6.422891699999999560e+01,2.777271700000000010e+01
6.422888799999999776e+01,2.777276799999999923e+01
6.422885200000000339e+01,2.777286099999999891e+01
6.422883400000000620e+01,2.777291299999999907e+01
6.422880899999999826e+01,2.777300299999999922e+01
6.422879000000000360e+01,2.777306300000000050e+01
6.422877699999999379e+01,2.777310999999999908e+01
6.422871999999999559e+01,2.777329399999999993e+01
6.422870299999999588e+01,2.777336100000000130e+01
6.422868400000000122e+01,2.777342200000000005e+01
6.422865799999999581e+01,2.777356800000000092e+01
6.422863200000000461e+01,2.777365199999999845e+01
6.422861500000000490e+01,2.777379600000000082e+01
6.422858499999999538e+01,2.777388200000000040e+01
6.422856500000000324e+01,2.777398000000000167e+01
6.422854800000000353e+01,2.777408499999999947e+01
6.422850800000000504e+01,2.777416200000000046e+01
6.422845800000000338e+01,2.777417300000000111e+01
6.422841200000000583e+01,2.777412899999999851e+01
6.422837800000000641e+01,2.777409099999999853e+01
6.422832800000000475e+01,2.777408600000000050e+01
6.422829199999999616e+01,2.777415299999999831e+01
6.422826899999999739e+01,2.777425799999999967e+01
6.422824099999999703e+01,2.777435600000000093e+01
6.422822100000000489e+01,2.777441800000000072e+01
6.422820000000000107e+01,2.777451399999999992e+01
6.422817799999999977e+01,2.777463399999999893e+01
6.422814599999999530e+01,2.777472300000000160e+01
6.422811599999999999e+01,2.777484400000000164e+01
6.422810400000000186e+01,2.777490200000000087e+01
6.422806599999999833e+01,2.777498999999999896e+01
6.422804100000000460e+01,2.777504899999999921e+01
6.422801099999999508e+01,2.777511600000000058e+01
6.422796200000000510e+01,2.777519200000000055e+01
6.422793900000000633e+01,2.777523499999999856e+01
6.422789600000000121e+01,2.777533599999999936e+01
6.422786899999999832e+01,2.777542700000000053e+01
6.422783400000000142e+01,2.777549899999999994e+01
6.422779699999999536e+01,2.777558399999999850e+01
6.422775099999999782e+01,2.777565699999999893e+01
6.422771600000000092e+01,2.777571299999999965e+01
6.422767600000000243e+01,2.777578700000000111e+01
6.422764999999999702e+01,2.777583699999999922e+01
6.422760800000000359e+01,2.777589199999999892e+01
6.422756499999999846e+01,2.777593900000000104e+01
6.422753500000000315e+01,2.777602600000000166e+01
6.422751499999999680e+01,2.777608899999999892e+01
6.422746999999999673e+01,2.777613500000000002e+01
6.422741700000000264e+01,2.777619899999999831e+01
6.422737200000000257e+01,2.777628400000000042e+01
6.422734400000000221e+01,2.777633200000000002e+01
6.422731500000000437e+01,2.777637599999999907e+01
6.422729200000000560e+01,2.777640799999999999e+01
6.422724800000000300e+01,2.777651399999999882e+01
6.422723200000000077e+01,2.777654899999999927e+01
6.422721500000000106e+01,2.777658699999999925e+01
6.422718799999999817e+01,2.777668999999999855e+01
6.422717500000000257e+01,2.777674000000000021e+01
6.422716300000000444e+01,2.777678799999999981e+01
6.422713799999999651e+01,2.777686800000000034e+01
6.422711999999999932e+01,2.777692700000000059e+01
6.422710100000000466e+01,2.777699900000000000e+01
6.422708099999999831e+01,2.777711800000000153e+01
6.422707400000000177e+01,2.777717499999999973e+01
6.422704400000000646e+01,2.777727499999999949e+01
6.422700700000000040e+01,2.777733200000000124e+01
6.422695699999999874e+01,2.777731299999999948e+01
6.422692399999999679e+01,2.777721700000000027e+01
6.422687399999999514e+01,2.777715900000000104e+01
6.422684700000000646e+01,2.777712800000000115e+01
6.422680200000000639e+01,2.777705800000000025e+01
6.422677400000000603e+01,2.777701300000000018e+01
6.422674399999999650e+01,2.777697200000000066e+01
6.422670700000000465e+01,2.777687500000000043e+01
6.422668500000000336e+01,2.777682599999999979e+01
6.422665800000000047e+01,2.777673700000000068e+01
6.422661800000000198e+01,2.777661399999999858e+01
6.422659699999999816e+01,2.777653799999999862e+01
6.422654699999999650e+01,2.777644199999999941e+01
6.422650099999999895e+01,2.777635700000000085e+01
6.422647200000000112e+01,2.777625499999999903e+01
6.422645900000000552e+01,2.777620100000000036e+01
6.422644699999999318e+01,2.777614399999999861e+01
6.422643600000000674e+01,2.777608999999999995e+01
6.422642199999999946e+01,2.777603200000000072e+01
6.422640699999999470e+01,2.777597600000000000e+01
6.422637699999999938e+01,2.777587600000000023e+01
6.422632600000000025e+01,2.777577499999999944e+01
6.422629100000000335e+01,2.777569099999999835e+01
6.422622599999999693e+01,2.777557799999999943e+01
6.422620499999999311e+01,2.777554200000000151e+01
6.422618400000000349e+01,2.777550600000000003e+01
6.422613800000000595e+01,2.777540799999999876e+01
6.422611999999999455e+01,2.777536500000000075e+01
6.422610400000000652e+01,2.777533000000000030e+01
6.422603200000000356e+01,2.777525199999999828e+01
6.422596299999999303e+01,2.777509299999999826e+01
6.422594599999999332e+01,2.777505700000000033e+01
6.422588899999999512e+01,2.777495599999999953e+01
6.422586800000000551e+01,2.777491600000000105e+01
6.422581800000000385e+01,2.777481600000000128e+01
6.422579000000000349e+01,2.777475899999999953e+01
6.422572700000000623e+01,2.777458700000000036e+01
6.422570500000000493e+01,2.777453699999999870e+01
6.422568499999999858e+01,2.777448100000000153e+01
6.422566000000000486e+01,2.777439299999999989e+01
6.422562100000000385e+01,2.777429100000000162e+01
6.422558899999999937e+01,2.777421800000000118e+01
6.422555800000000659e+01,2.777413899999999813e+01
6.422554300000000183e+01,2.777409600000000012e+01
6.422552699999999959e+01,2.777405500000000060e+01
6.422551099999999735e+01,2.777401700000000062e+01
6.422548199999999952e+01,2.777394400000000019e+01
6.422543799999999692e+01,2.777385800000000060e+01
6.422541900000000226e+01,2.777381700000000109e+01
6.422538299999999367e+01,2.777372000000000085e+01
6.422536599999999396e+01,2.777367399999999975e+01
6.422534500000000435e+01,2.777362600000000015e+01
6.422530799999999829e+01,2.777355700000000027e+01
6.422528499999999951e+01,2.777351300000000123e+01
6.422526499999999317e+01,2.777347899999999825e+01
6.422524599999999850e+01,2.777344499999999883e+01
6.422522600000000637e+01,2.777340500000000034e+01
6.422519499999999937e+01,2.777333399999999841e+01
6.422517899999999713e+01,2.777329500000000095e+01
6.422515400000000341e+01,2.777323300000000117e+01
6.422512500000000557e+01,2.777315700000000120e+01
6.422511000000000081e+01,2.777311200000000113e+01
6.422509300000000110e+01,2.777306799999999853e+01
6.422504200000000196e+01,2.777296199999999970e+01
6.422500700000000506e+01,2.777283999999999864e+01
6.422498400000000629e+01,2.777275399999999905e+01
6.422496999999999900e+01,2.777270400000000095e+01
6.422494700000000023e+01,2.777262800000000098e+01
6.422492099999999482e+01,2.777254999999999896e+01
6.422489500000000362e+01,2.777246799999999993e+01
6.422488300000000550e+01,2.777242400000000089e+01
6.422486800000000073e+01,2.777237300000000175e+01
6.422485199999999850e+01,2.777232700000000065e+01
6.422482200000000319e+01,2.777224800000000116e+01
6.422480699999999842e+01,2.777221000000000117e+01
6.422479300000000535e+01,2.777216900000000166e+01
6.422477000000000658e+01,2.777206299999999928e+01
6.422476100000000088e+01,2.777201399999999865e+01
6.422474900000000275e+01,2.777195199999999886e+01
6.422473899999999958e+01,2.777190099999999973e+01
6.422471899999999323e+01,2.777179699999999940e+01
6.422470900000000427e+01,2.777174799999999877e+01
6.422468499999999381e+01,2.777164900000000003e+01
6.422467299999999568e+01,2.777159500000000136e+01
6.422465200000000607e+01,2.777151200000000131e+01
6.422464200000000289e+01,2.777146499999999918e+01
6.422462000000000160e+01,2.777133099999999999e+01
6.422460599999999431e+01,2.777126499999999965e+01
6.422458899999999460e+01,2.777113699999999952e+01
6.422458199999999806e+01,2.777107300000000123e+01
6.422455600000000686e+01,2.777093500000000148e+01
6.422453199999999640e+01,2.777083000000000013e+01
6.422450999999999510e+01,2.777073400000000092e+01
6.422449799999999698e+01,2.777068500000000029e+01
6.422445600000000354e+01,2.777058099999999996e+01
6.422441800000000001e+01,2.777045199999999880e+01
6.422440100000000029e+01,2.777035100000000156e+01
6.422438699999999301e+01,2.777024600000000021e+01
6.422436500000000592e+01,2.777013699999999830e+01
6.422435099999999863e+01,2.777001999999999882e+01
6.422434400000000210e+01,2.776995399999999847e+01
6.422433499999999640e+01,2.776989800000000130e+01
6.422432700000000239e+01,2.776984699999999862e+01
6.422431799999999669e+01,2.776978400000000136e+01
6.422430699999999604e+01,2.776964500000000058e+01
6.422430099999999698e+01,2.776958399999999827e+01
6.422429499999999791e+01,2.776952500000000157e+01
6.422428999999999633e+01,2.776947399999999888e+01
6.422428100000000484e+01,2.776935900000000146e+01
6.422424900000000036e+01,2.776914500000000174e+01
6.422422799999999654e+01,2.776904400000000095e+01
6.422421699999999589e+01,2.776898599999999817e+01
6.422420599999999524e+01,2.776892700000000147e+01
6.422419299999999964e+01,2.776886500000000169e+01
6.422418100000000152e+01,2.776881099999999947e+01
6.422415100000000621e+01,2.776870999999999867e+01
6.422413600000000145e+01,2.776865300000000047e+01
6.422412400000000332e+01,2.776859800000000078e+01
6.422411099999999351e+01,2.776854499999999959e+01
6.422408199999999567e+01,2.776846099999999851e+01
6.422406599999999344e+01,2.776841200000000143e+01
6.422405100000000289e+01,2.776836399999999827e+01
6.422403599999999813e+01,2.776831800000000072e+01
6.422402300000000253e+01,2.776827300000000065e+01
6.422401000000000693e+01,2.776822200000000151e+01
6.422399799999999459e+01,2.776816399999999874e+01
6.422398800000000563e+01,2.776811100000000110e+01
6.422397700000000498e+01,2.776805999999999841e+01
6.422396500000000685e+01,2.776801199999999881e+01
6.422395500000000368e+01,2.776796600000000126e+01
6.422394400000000303e+01,2.776791400000000110e+01
6.422393300000000238e+01,2.776785100000000028e+01
6.422392399999999668e+01,2.776779300000000106e+01
6.422391399999999351e+01,2.776773000000000025e+01
6.422390099999999791e+01,2.776766200000000140e+01
6.422388999999999726e+01,2.776760900000000021e+01
6.422386500000000353e+01,2.776751199999999997e+01
6.422384700000000635e+01,2.776740900000000067e+01
6.422383800000000065e+01,2.776735000000000042e+01
6.422382199999999841e+01,2.776726299999999981e+01
6.422381099999999776e+01,2.776721299999999815e+01
6.422379499999999553e+01,2.776712500000000006e+01
6.422378600000000404e+01,2.776701399999999964e+01
6.422378500000000656e+01,2.776690999999999931e+01
6.422380800000000534e+01,2.776676199999999994e+01
6.422381799999999430e+01,2.776671100000000081e+01
6.422382799999999747e+01,2.776664900000000102e+01
6.422383899999999812e+01,2.776659000000000077e+01
6.422384999999999877e+01,2.776644500000000093e+01
6.422385800000000700e+01,2.776637600000000106e+01
6.422386899999999343e+01,2.776625100000000046e+01
6.422386600000000101e+01,2.776609799999999950e+01
6.422385599999999783e+01,2.776598100000000002e+01
6.422384800000000382e+01,2.776591099999999912e+01
6.422384099999999307e+01,2.776584499999999878e+01
6.422383499999999401e+01,2.776576499999999825e+01
6.422384099999999307e+01,2.776565599999999989e+01
6.422382399999999336e+01,2.776552600000000126e+01
6.422380099999999459e+01,2.776540899999999823e+01
6.422378999999999394e+01,2.776535799999999909e+01
6.422378000000000497e+01,2.776530899999999846e+01
6.422377299999999423e+01,2.776519800000000160e+01
6.422376500000000021e+01,2.776508300000000062e+01
6.422377899999999329e+01,2.776496699999999862e+01
6.422377799999999581e+01,2.776485100000000017e+01
6.422376800000000685e+01,2.776472800000000163e+01
6.422378999999999394e+01,2.776462000000000074e+01
6.422380900000000281e+01,2.776454499999999825e+01
6.422382299999999589e+01,2.776448699999999903e+01
6.422383999999999560e+01,2.776442499999999924e+01
6.422384599999999466e+01,2.776430200000000070e+01
6.422385199999999372e+01,2.776420699999999897e+01
6.422385500000000036e+01,2.776409299999999902e+01
6.422388200000000325e+01,2.776390299999999911e+01
6.422388499999999567e+01,2.776378899999999916e+01
6.422388499999999567e+01,2.776372500000000088e+01
6.422391100000000108e+01,2.776358499999999907e+01
6.422394300000000555e+01,2.776347499999999968e+01
6.422395899999999358e+01,2.776335699999999918e+01
6.422398599999999647e+01,2.776325699999999941e+01
6.422402099999999336e+01,2.776315400000000011e+01
6.422405000000000541e+01,2.776305199999999829e+01
6.422406399999999849e+01,2.776299699999999859e+01
6.422409700000000043e+01,2.776291399999999854e+01
6.422411999999999921e+01,2.776285199999999875e+01
6.422414600000000462e+01,2.776277699999999982e+01
6.422417500000000246e+01,2.776268999999999920e+01
6.422419600000000628e+01,2.776257199999999870e+01
6.422422699999999907e+01,2.776246400000000136e+01
6.422426299999999344e+01,2.776236199999999954e+01
6.422426799999999503e+01,2.776225200000000015e+01
6.422428499999999474e+01,2.776211699999999993e+01
6.422431899999999416e+01,2.776200299999999999e+01
6.422434499999999957e+01,2.776188199999999995e+01
6.422437399999999741e+01,2.776178099999999915e+01
6.422439900000000534e+01,2.776167600000000135e+01
6.422441800000000001e+01,2.776160799999999895e+01
6.422443099999999561e+01,2.776156399999999991e+01
6.422444699999999784e+01,2.776145199999999846e+01
6.422445500000000607e+01,2.776138299999999859e+01
6.422448300000000643e+01,2.776129999999999853e+01
6.422449500000000455e+01,2.776119200000000120e+01
6.422451499999999669e+01,2.776109900000000152e+01
6.422452699999999481e+01,2.776105099999999837e+01
6.422453899999999294e+01,2.776100599999999829e+01
6.422457500000000152e+01,2.776092799999999983e+01
6.422459700000000282e+01,2.776082500000000053e+01
6.422459700000000282e+01,2.776071100000000058e+01
6.422459700000000282e+01,2.776064600000000127e+01
6.422459999999999525e+01,2.776054800000000000e+01
6.422459600000000535e+01,2.776044100000000014e+01
6.422459399999999619e+01,2.776038700000000148e+01
6.422461199999999337e+01,2.776027900000000059e+01
6.422461800000000665e+01,2.776022899999999893e+01
6.422462299999999402e+01,2.776009799999999927e+01
6.422462799999999561e+01,2.776002599999999987e+01
6.422465200000000607e+01,2.775990300000000133e+01
6.422465699999999345e+01,2.775977999999999923e+01
6.422465800000000513e+01,2.775968200000000152e+01
6.422465300000000354e+01,2.775957400000000064e+01
6.422463399999999467e+01,2.775945199999999957e+01
6.422463100000000225e+01,2.775934799999999925e+01
6.422463000000000477e+01,2.775927499999999881e+01
6.422462500000000318e+01,2.775916499999999942e+01
6.422462000000000160e+01,2.775902200000000164e+01
6.422459700000000282e+01,2.775891700000000029e+01
6.422458399999999301e+01,2.775886500000000012e+01
6.422456499999999835e+01,2.775874699999999962e+01
6.422455200000000275e+01,2.775867799999999974e+01
6.422453500000000304e+01,2.775855200000000167e+01
6.422452800000000650e+01,2.775849600000000095e+01
6.422449000000000296e+01,2.775839500000000015e+01
6.422447099999999409e+01,2.775828100000000020e+01
6.422443599999999719e+01,2.775815899999999914e+01
6.422442399999999907e+01,2.775810900000000103e+01
6.422440899999999431e+01,2.775804199999999966e+01
6.422437499999999488e+01,2.775795000000000101e+01
6.422435199999999611e+01,2.775782200000000088e+01
6.422433900000000051e+01,2.775775199999999998e+01
6.422432600000000491e+01,2.775769599999999926e+01
6.422430599999999856e+01,2.775759899999999902e+01
6.422426799999999503e+01,2.775750899999999888e+01
6.422424800000000289e+01,2.775746499999999983e+01
6.422422299999999495e+01,2.775737499999999969e+01
6.422420300000000282e+01,2.775725800000000021e+01
6.422419299999999964e+01,2.775720099999999846e+01
6.422418399999999394e+01,2.775713599999999914e+01
6.422418600000000311e+01,2.775702599999999975e+01
6.422418500000000563e+01,2.775694899999999876e+01
6.422418700000000058e+01,2.775694000000000017e+01
6.422418100000000152e+01,2.775677400000000006e+01
6.422417599999999993e+01,2.775667800000000085e+01
6.422419899999999870e+01,2.775658599999999865e+01
6.422421199999999430e+01,2.775653000000000148e+01
6.422422299999999495e+01,2.775646799999999814e+01
6.422423700000000224e+01,2.775640100000000032e+01
6.422427500000000578e+01,2.775631699999999924e+01
6.422428299999999979e+01,2.775619800000000126e+01
6.422428600000000642e+01,2.775613299999999839e+01
6.422428100000000484e+01,2.775601800000000097e+01
6.422428200000000231e+01,2.775590100000000149e+01
6.422427199999999914e+01,2.775578499999999948e+01
6.422427600000000325e+01,2.775562199999999891e+01
6.422425400000000195e+01,2.775552499999999867e+01
6.422424499999999625e+01,2.775537699999999930e+01
6.422424900000000036e+01,2.775526199999999832e+01
6.422425300000000448e+01,2.775520500000000013e+01
6.422425300000000448e+01,2.775507500000000149e+01
6.422425400000000195e+01,2.775498899999999836e+01
6.422424599999999373e+01,2.775485400000000169e+01
6.422423899999999719e+01,2.775477300000000014e+01
6.422423999999999467e+01,2.775466899999999981e+01
6.422423899999999719e+01,2.775458100000000172e+01
6.422423799999999972e+01,2.775452299999999894e+01
6.422421300000000599e+01,2.775442900000000179e+01
6.422418500000000563e+01,2.775434800000000024e+01
6.422418500000000563e+01,2.775434800000000024e+01
6.422412300000000585e+01,2.775429799999999858e+01
6.422408099999999820e+01,2.775419799999999881e+01
6.422403799999999308e+01,2.775411499999999876e+01
6.422400899999999524e+01,2.775405100000000047e+01
6.422398099999999488e+01,2.775399099999999919e+01
6.422394500000000050e+01,2.775389200000000045e+01
6.422390599999999949e+01,2.775380399999999881e+01
6.422388200000000325e+01,2.775374400000000108e+01
6.422384900000000130e+01,2.775362700000000160e+01
6.422382500000000505e+01,2.775349200000000138e+01
6.422380800000000534e+01,2.775341200000000086e+01
6.422378000000000497e+01,2.775330500000000100e+01
6.422376300000000526e+01,2.775324200000000019e+01
6.422374600000000555e+01,2.775317700000000087e+01
6.422373000000000332e+01,2.775311100000000053e+01
6.422370200000000295e+01,2.775301699999999983e+01
6.422366399999999942e+01,2.775294799999999995e+01
6.422363500000000158e+01,2.775289700000000082e+01
6.422360700000000122e+01,2.775283900000000159e+01
6.422357499999999675e+01,2.775276799999999966e+01
6.422355899999999451e+01,2.775273200000000173e+01
6.422353300000000331e+01,2.775263400000000047e+01
6.422351899999999603e+01,2.775257600000000124e+01
6.422350199999999631e+01,2.775251199999999940e+01
6.422346899999999437e+01,2.775243800000000149e+01
6.422344800000000475e+01,2.775239499999999992e+01
6.422341500000000281e+01,2.775231700000000146e+01
6.422338100000000338e+01,2.775218699999999927e+01
6.422334499999999480e+01,2.775210600000000127e+01
6.422332500000000266e+01,2.775206299999999970e+01
6.422330200000000389e+01,2.775197000000000003e+01
6.422327099999999689e+01,2.775186599999999970e+01
6.422323099999999840e+01,2.775178400000000067e+01
6.422320299999999804e+01,2.775172999999999845e+01
6.422316600000000619e+01,2.775165000000000148e+01
6.422311600000000453e+01,2.775157099999999843e+01
6.422307800000000100e+01,2.775148099999999829e+01
6.422303599999999335e+01,2.775141400000000047e+01
6.422300300000000561e+01,2.775136200000000031e+01
6.422296500000000208e+01,2.775126099999999951e+01
6.422294599999999321e+01,2.775120300000000029e+01
6.422293299999999761e+01,2.775115800000000021e+01
6.422289999999999566e+01,2.775106500000000054e+01
6.422287199999999530e+01,2.775097399999999936e+01
6.422285300000000063e+01,2.775091400000000164e+01
6.422281499999999710e+01,2.775085999999999942e+01
6.422276899999999955e+01,2.775080099999999916e+01
6.422273199999999349e+01,2.775072499999999920e+01
6.422269199999999501e+01,2.775067400000000006e+01
6.422264900000000409e+01,2.775059800000000010e+01
6.422262600000000532e+01,2.775055599999999956e+01
6.422260500000000150e+01,2.775051200000000051e+01
6.422257600000000366e+01,2.775045700000000082e+01
6.422255099999999572e+01,2.775033200000000022e+01
6.422253899999999760e+01,2.775026499999999885e+01
6.422252899999999443e+01,2.775019800000000103e+01
6.422252299999999536e+01,2.775014000000000181e+01
6.422250900000000229e+01,2.775004500000000007e+01
6.422248899999999594e+01,2.774994999999999834e+01
6.422248199999999940e+01,2.774981700000000018e+01
6.422247400000000539e+01,2.774972100000000097e+01
6.422247000000000128e+01,2.774963500000000138e+01
6.422245900000000063e+01,2.774950899999999976e+01
6.422245300000000157e+01,2.774943499999999830e+01
6.422244899999999745e+01,2.774935800000000086e+01
6.422244700000000250e+01,2.774927800000000033e+01
6.422242699999999616e+01,2.774915100000000123e+01
6.422242400000000373e+01,2.774904000000000082e+01
6.422240200000000243e+01,2.774891999999999825e+01
6.422239199999999926e+01,2.774880900000000139e+01
6.422238900000000683e+01,2.774867599999999968e+01
6.422238500000000272e+01,2.774859100000000112e+01
6.422238099999999861e+01,2.774853799999999993e+01
6.422237599999999702e+01,2.774845300000000137e+01
6.422237699999999450e+01,2.774833999999999889e+01
6.422237300000000459e+01,2.774821999999999989e+01
6.422235499999999320e+01,2.774810400000000143e+01
6.422234799999999666e+01,2.774804500000000118e+01
6.422234400000000676e+01,2.774791600000000003e+01
6.422234000000000265e+01,2.774784899999999865e+01
6.422232499999999789e+01,2.774772600000000011e+01
6.422231200000000229e+01,2.774759600000000148e+01
6.422229000000000099e+01,2.774749999999999872e+01
6.422227300000000128e+01,2.774743499999999941e+01
6.422225699999999904e+01,2.774737800000000121e+01
6.422224400000000344e+01,2.774724499999999949e+01
6.422222800000000120e+01,2.774713399999999908e+01
6.422221799999999803e+01,2.774706899999999976e+01
6.422219400000000178e+01,2.774695099999999925e+01
6.422218100000000618e+01,2.774688300000000041e+01
6.422213999999999601e+01,2.774676399999999887e+01
6.422212600000000293e+01,2.774666200000000060e+01
6.422211799999999471e+01,2.774661000000000044e+01
6.422211000000000070e+01,2.774654500000000112e+01
6.422208799999999940e+01,2.774642899999999912e+01
6.422208399999999529e+01,2.774631899999999973e+01
6.422208500000000697e+01,2.774621499999999941e+01
6.422208500000000697e+01,2.774616100000000074e+01
6.422209399999999846e+01,2.774605599999999939e+01
6.422210200000000668e+01,2.774589399999999983e+01
6.422211500000000228e+01,2.774579400000000007e+01
6.422212299999999630e+01,2.774566000000000088e+01
6.422212500000000546e+01,2.774556199999999961e+01
6.422212700000000041e+01,2.774546199999999985e+01
6.422214099999999348e+01,2.774533900000000131e+01
6.422213800000000106e+01,2.774522199999999827e+01
6.422213299999999947e+01,2.774513400000000019e+01
6.422212899999999536e+01,2.774505699999999919e+01
6.422212299999999630e+01,2.774495599999999840e+01
6.422213600000000611e+01,2.774466599999999872e+01
6.422213800000000106e+01,2.774457400000000007e+01
6.422213000000000704e+01,2.774445300000000003e+01
6.422212799999999788e+01,2.774433099999999897e+01
6.422212600000000293e+01,2.774426499999999862e+01
6.422211199999999565e+01,2.774413900000000055e+01
6.422211500000000228e+01,2.774402900000000116e+01
6.422210900000000322e+01,2.774391500000000121e+01
6.422209599999999341e+01,2.774373699999999943e+01
6.422209900000000005e+01,2.774360400000000126e+01
6.422209800000000257e+01,2.774349799999999888e+01
6.422209800000000257e+01,2.774341599999999985e+01
6.422209599999999341e+01,2.774333000000000027e+01
6.422209499999999593e+01,2.774327800000000011e+01
6.422209599999999341e+01,2.774321600000000032e+01
6.422209700000000510e+01,2.774314800000000147e+01
6.422209999999999752e+01,2.774308399999999963e+01
6.422209599999999341e+01,2.774297800000000080e+01
6.422210400000000163e+01,2.774283700000000152e+01
6.422211000000000070e+01,2.774275599999999997e+01
6.422211599999999976e+01,2.774267599999999945e+01
6.422212000000000387e+01,2.774254600000000082e+01
6.422212100000000135e+01,2.774246899999999982e+01
6.422212399999999377e+01,2.774239499999999836e+01
6.422212799999999788e+01,2.774232299999999896e+01
6.422213399999999695e+01,2.774218300000000070e+01
6.422213700000000358e+01,2.774211299999999980e+01
6.422213899999999853e+01,2.774205600000000160e+01
6.422215799999999319e+01,2.774191499999999877e+01
6.422215699999999572e+01,2.774176200000000136e+01
6.422216899999999384e+01,2.774162199999999956e+01
6.422217600000000459e+01,2.774154899999999913e+01
6.422218800000000272e+01,2.774145199999999889e+01
6.422219499999999925e+01,2.774131699999999867e+01
6.422219800000000589e+01,2.774124300000000076e+01
6.422219900000000337e+01,2.774116499999999874e+01
6.422220099999999832e+01,2.774107100000000159e+01
6.422220099999999832e+01,2.774099199999999854e+01
6.422222200000000214e+01,2.774088199999999915e+01
6.422223499999999774e+01,2.774081599999999881e+01
6.422226700000000221e+01,2.774072100000000063e+01
6.422228499999999940e+01,2.774067499999999953e+01
6.422234199999999760e+01,2.774063299999999899e+01
6.422236700000000553e+01,2.774061400000000077e+01
6.422239000000000431e+01,2.774059799999999854e+01
6.422242199999999457e+01,2.774057399999999873e+01
6.422246699999999464e+01,2.774052400000000063e+01
6.422249300000000005e+01,2.774043299999999945e+01
6.422252799999999695e+01,2.774033400000000071e+01
6.422257500000000618e+01,2.774026100000000028e+01
6.422261799999999710e+01,2.774020600000000059e+01
6.422266700000000128e+01,2.774016900000000163e+01
6.422271100000000388e+01,2.774013899999999921e+01
6.422274799999999573e+01,2.774005800000000121e+01
6.422276800000000208e+01,2.773995100000000136e+01
6.422278099999999768e+01,2.773989500000000064e+01
6.422281499999999710e+01,2.773982000000000170e+01
6.422284199999999998e+01,2.773973300000000108e+01
6.422289299999999912e+01,2.773967400000000083e+01
6.422292299999999443e+01,2.773963499999999982e+01
6.422294999999999732e+01,2.773955000000000126e+01
6.422300199999999393e+01,2.773944300000000140e+01
6.422303899999999999e+01,2.773933600000000155e+01
6.422307899999999847e+01,2.773926900000000018e+01
6.422311299999999790e+01,2.773917099999999891e+01
6.422313800000000583e+01,2.773910899999999913e+01
6.422315799999999797e+01,2.773901199999999889e+01
6.422318300000000590e+01,2.773890499999999903e+01
6.422322699999999429e+01,2.773884899999999831e+01
6.422325700000000381e+01,2.773880300000000076e+01
6.422328899999999408e+01,2.773871700000000118e+01
6.422332799999999509e+01,2.773863300000000010e+01
6.422335099999999386e+01,2.773853899999999939e+01
6.422339300000000151e+01,2.773846699999999998e+01
6.422342399999999429e+01,2.773837800000000087e+01
6.422346500000000447e+01,2.773831399999999903e+01
6.422350900000000706e+01,2.773825199999999924e+01
6.422355699999999956e+01,2.773816899999999919e+01
6.422359799999999552e+01,2.773811800000000005e+01
6.422363300000000663e+01,2.773805099999999868e+01
6.422367500000000007e+01,2.773795000000000144e+01
6.422373299999999574e+01,2.773787599999999998e+01
6.422376099999999610e+01,2.773784600000000111e+01
6.422378999999999394e+01,2.773781900000000178e+01
6.422382000000000346e+01,2.773779299999999992e+01
6.422384399999999971e+01,2.773768899999999960e+01
6.422387999999999408e+01,2.773761700000000019e+01
6.422392000000000678e+01,2.773756699999999853e+01
6.422396500000000685e+01,2.773749799999999865e+01
6.422400000000000375e+01,2.773745100000000008e+01
6.422404299999999466e+01,2.773736500000000049e+01
6.422408199999999567e+01,2.773726900000000128e+01
6.422412099999999668e+01,2.773718799999999973e+01
6.422415300000000116e+01,2.773709500000000006e+01
6.422416800000000592e+01,2.773704999999999998e+01
6.422420900000000188e+01,2.773699900000000085e+01
6.422423299999999813e+01,2.773696800000000096e+01
6.422427299999999661e+01,2.773689200000000099e+01
6.422429300000000296e+01,2.773685899999999904e+01
6.422432100000000332e+01,2.773680900000000094e+01
6.422435699999999770e+01,2.773675499999999872e+01
6.422439599999999871e+01,2.773669200000000146e+01
6.422443099999999561e+01,2.773662399999999906e+01
6.422445299999999690e+01,2.773657299999999992e+01
6.422447400000000073e+01,2.773652799999999985e+01
6.422449699999999950e+01,2.773648400000000080e+01
6.422452900000000398e+01,2.773642900000000111e+01
6.422456499999999835e+01,2.773635600000000068e+01
6.422458299999999554e+01,2.773631599999999864e+01
6.422461400000000253e+01,2.773620800000000131e+01
6.422463399999999467e+01,2.773610800000000154e+01
6.422466699999999662e+01,2.773601299999999981e+01
6.422468299999999886e+01,2.773596500000000020e+01
6.422470699999999511e+01,2.773590599999999995e+01
6.422473599999999294e+01,2.773579200000000000e+01
6.422475300000000686e+01,2.773572499999999863e+01
6.422478599999999460e+01,2.773562400000000139e+01
6.422482700000000477e+01,2.773554499999999834e+01
6.422487399999999980e+01,2.773546500000000137e+01
6.422490999999999417e+01,2.773538299999999879e+01
6.422493099999999799e+01,2.773533400000000171e+01
6.422494899999999518e+01,2.773529299999999864e+01
6.422495200000000182e+01,2.773518899999999832e+01
6.422495299999999929e+01,2.773512399999999900e+01
6.422498000000000218e+01,2.773501800000000017e+01
6.422499600000000441e+01,2.773491999999999891e+01
6.422500399999999843e+01,2.773484900000000053e+01
6.422504299999999944e+01,2.773477199999999954e+01
6.422507199999999727e+01,2.773470999999999975e+01
6.422511599999999987e+01,2.773473699999999909e+01
6.422516299999999490e+01,2.773473200000000105e+01
6.422520600000000002e+01,2.773470000000000013e+01
6.422523700000000701e+01,2.773460700000000045e+01
6.422528900000000363e+01,2.773450499999999863e+01
6.422532300000000305e+01,2.773443899999999829e+01
6.422534199999999771e+01,2.773440099999999831e+01
6.422536300000000153e+01,2.773424999999999940e+01
6.422540300000000002e+01,2.773417800000000000e+01
6.422544800000000009e+01,2.773414999999999964e+01
6.422548399999999447e+01,2.773407999999999873e+01
6.422553299999999865e+01,2.773405400000000043e+01
6.422559300000000349e+01,2.773403300000000016e+01
6.422563499999999692e+01,2.773401099999999886e+01
6.422565600000000074e+01,2.773399500000000018e+01
6.422569699999999671e+01,2.773393300000000039e+01
6.422572200000000464e+01,2.773388900000000135e+01
6.422575700000000154e+01,2.773381799999999942e+01
6.422581099999999310e+01,2.773373700000000142e+01
6.422585700000000486e+01,2.773359100000000055e+01
6.422588299999999606e+01,2.773350900000000152e+01
6.422590399999999988e+01,2.773339199999999849e+01
6.422592000000000212e+01,2.773332299999999861e+01
6.422593200000000024e+01,2.773327400000000154e+01
6.422593200000000024e+01,2.773327400000000154e+01
6.422601799999999628e+01,2.773344699999999818e+01
6.422603700000000515e+01,2.773349199999999826e+01
6.422606199999999887e+01,2.773364600000000024e+01
6.422606199999999887e+01,2.773364600000000024e+01
6.422603200000000356e+01,2.773374499999999898e+01
6.422611299999999801e+01,2.773385499999999837e+01
6.422615199999999902e+01,2.773394700000000057e+01
6.422620000000000573e+01,2.773402000000000100e+01
6.422624199999999917e+01,2.773406999999999911e+01
6.422627900000000523e+01,2.773415899999999823e+01
6.422632199999999614e+01,2.773426500000000061e+01
6.422636400000000378e+01,2.773432700000000040e+01
6.422639800000000321e+01,2.773441000000000045e+01
6.422641199999999628e+01,2.773444999999999894e+01
6.422643300000000011e+01,2.773452299999999937e+01
6.422647200000000112e+01,2.773458600000000018e+01
6.422650199999999643e+01,2.773468700000000098e+01
6.422653200000000595e+01,2.773478199999999916e+01
6.422658699999999499e+01,2.773483999999999838e+01
6.422662800000000516e+01,2.773490100000000069e+01
6.422668600000000083e+01,2.773489000000000004e+01
6.422673100000000090e+01,2.773486400000000174e+01
6.422676500000000033e+01,2.773484499999999997e+01
6.422679499999999564e+01,2.773482999999999876e+01
6.422684200000000487e+01,2.773488400000000098e+01
6.422688300000000083e+01,2.773493099999999956e+01
6.422693099999999333e+01,2.773492399999999947e+01
6.422697200000000350e+01,2.773490899999999826e+01
6.422701499999999442e+01,2.773486799999999874e+01
6.422705499999999290e+01,2.773481599999999858e+01
6.422705499999999290e+01,2.773481599999999858e+01
6.422705499999999290e+01,2.773481599999999858e+01
6.422710299999999961e+01,2.773476700000000150e+01
6.422712900000000502e+01,2.773473399999999955e+01
6.422717099999999846e+01,2.773466000000000165e+01
6.422720300000000293e+01,2.773457600000000056e+01
6.422724200000000394e+01,2.773469199999999901e+01
6.422725199999999290e+01,2.773480899999999849e+01
6.422729099999999391e+01,2.773486899999999977e+01
6.422732600000000502e+01,2.773496799999999851e+01
6.422735000000000127e+01,2.773503399999999885e+01
6.422736399999999435e+01,2.773507499999999837e+01
6.422737700000000416e+01,2.773519100000000037e+01
6.422740600000000200e+01,2.773528599999999855e+01
6.422742800000000329e+01,2.773536199999999852e+01
6.422745700000000113e+01,2.773545299999999969e+01
6.422747099999999421e+01,2.773555400000000049e+01
6.422750899999999774e+01,2.773561099999999868e+01
6.422753299999999399e+01,2.773565100000000072e+01
6.422756800000000510e+01,2.773573299999999975e+01
6.422758699999999976e+01,2.773577500000000029e+01
6.422762699999999825e+01,2.773587799999999959e+01
6.422768299999999897e+01,2.773593599999999881e+01
6.422773100000000568e+01,2.773597000000000179e+01
6.422778200000000481e+01,2.773595600000000161e+01
6.422784099999999796e+01,2.773593500000000134e+01
6.422788500000000056e+01,2.773595399999999955e+01
6.422788500000000056e+01,2.773595399999999955e+01
6.422792300000000409e+01,2.773597099999999926e+01
6.422794500000000539e+01,2.773598300000000094e+01
6.422802599999999984e+01,2.773605600000000138e+01
6.422806900000000496e+01,2.773614800000000002e+01
6.422812000000000410e+01,2.773619599999999963e+01
6.422817499999999313e+01,2.773622599999999849e+01
6.422822899999999890e+01,2.773624999999999829e+01
6.422827700000000561e+01,2.773620400000000075e+01
6.422833699999999624e+01,2.773618600000000001e+01
6.422836499999999660e+01,2.773617600000000039e+01
6.422839600000000360e+01,2.773616499999999974e+01
6.422844499999999357e+01,2.773613399999999984e+01
6.422850599999999588e+01,2.773612100000000069e+01
6.422853299999999876e+01,2.773611000000000004e+01
6.422855800000000670e+01,2.773609599999999986e+01
6.422861199999999826e+01,2.773609300000000033e+01
6.422865699999999833e+01,2.773607700000000165e+01
6.422867800000000216e+01,2.773595500000000058e+01
6.422870699999999999e+01,2.773586399999999941e+01
6.422875200000000007e+01,2.773582899999999896e+01
6.422877499999999884e+01,2.773581499999999878e+01
6.422881700000000649e+01,2.773576299999999861e+01
6.422888399999999365e+01,2.773568699999999865e+01
6.422892299999999466e+01,2.773559900000000056e+01
6.422896099999999819e+01,2.773553199999999919e+01
6.422898899999999855e+01,2.773544300000000007e+01
6.422903200000000368e+01,2.773535899999999899e+01
6.422907999999999618e+01,2.773529800000000023e+01
6.422910899999999401e+01,2.773521900000000073e+01
6.422913300000000447e+01,2.773515000000000086e+01
6.422915700000000072e+01,2.773508500000000154e+01
6.422918300000000613e+01,2.773499899999999840e+01
6.422922499999999957e+01,2.773492500000000049e+01
6.422924000000000433e+01,2.773482599999999820e+01
6.422926900000000217e+01,2.773473999999999862e+01
6.422928699999999935e+01,2.773468000000000089e+01
6.422930499999999654e+01,2.773457499999999953e+01
6.422934399999999755e+01,2.773450300000000013e+01
6.422936400000000390e+01,2.773446699999999865e+01
6.422939499999999668e+01,2.773437900000000056e+01
6.422943399999999770e+01,2.773429399999999845e+01
6.422945599999999899e+01,2.773423700000000025e+01
6.422949500000000000e+01,2.773417600000000149e+01
6.422951399999999467e+01,2.773414999999999964e+01
6.422954699999999661e+01,2.773407100000000014e+01
6.422957399999999950e+01,2.773400300000000129e+01
6.422962699999999359e+01,2.773392499999999927e+01
6.422967099999999618e+01,2.773390500000000003e+01
6.422970800000000224e+01,2.773381699999999839e+01
6.422976099999999633e+01,2.773376700000000028e+01
6.422980300000000398e+01,2.773370900000000105e+01
6.422982700000000023e+01,2.773366800000000154e+01
6.422986600000000124e+01,2.773357400000000084e+01
6.422989400000000160e+01,2.773350500000000096e+01
6.422991199999999878e+01,2.773345700000000136e+01
6.422994300000000578e+01,2.773335399999999851e+01
6.422996100000000297e+01,2.773330199999999834e+01
6.423001899999999864e+01,2.773328599999999966e+01
6.423004500000000405e+01,2.773327400000000154e+01
6.423008000000000095e+01,2.773325399999999874e+01
6.423011700000000701e+01,2.773323999999999856e+01
6.423016499999999951e+01,2.773324300000000164e+01
6.423020599999999547e+01,2.773319599999999951e+01
6.423025800000000629e+01,2.773317600000000027e+01
6.423031100000000038e+01,2.773320100000000110e+01
6.423033800000000326e+01,2.773321599999999876e+01
6.423038499999999829e+01,2.773323900000000108e+01
6.423041600000000528e+01,2.773325399999999874e+01
6.423047800000000507e+01,2.773324200000000062e+01
6.423052699999999504e+01,2.773320999999999970e+01
6.423054999999999382e+01,2.773319599999999951e+01
6.423061300000000529e+01,2.773320800000000119e+01
6.423065499999999872e+01,2.773311899999999852e+01
6.423067199999999843e+01,2.773308400000000162e+01
6.423073499999999569e+01,2.773305699999999874e+01
6.423076799999999764e+01,2.773304399999999958e+01
6.423081500000000688e+01,2.773299799999999848e+01
6.423083699999999396e+01,2.773297799999999924e+01
6.423089099999999974e+01,2.773297699999999821e+01
6.423095000000000709e+01,2.773292700000000011e+01
6.423101599999999678e+01,2.773274699999999982e+01
6.423106199999999433e+01,2.773262700000000081e+01
6.423110900000000356e+01,2.773256900000000158e+01
6.423116000000000270e+01,2.773247699999999938e+01
6.423119499999999960e+01,2.773236699999999999e+01
6.423122100000000501e+01,2.773229699999999909e+01
6.423124199999999462e+01,2.773220399999999941e+01
6.423125299999999527e+01,2.773215499999999878e+01
6.423128800000000638e+01,2.773207700000000031e+01
6.423132499999999823e+01,2.773198400000000063e+01
6.423134699999999953e+01,2.773192999999999842e+01
6.423136700000000587e+01,2.773188100000000134e+01
6.423139199999999960e+01,2.773177599999999998e+01
6.423141499999999837e+01,2.773166200000000003e+01
6.423143199999999808e+01,2.773157499999999942e+01
6.423144200000000126e+01,2.773152500000000131e+01
6.423146699999999498e+01,2.773142299999999949e+01
6.423148799999999881e+01,2.773132000000000019e+01
6.423151699999999664e+01,2.773123299999999958e+01
6.423154300000000205e+01,2.773113000000000028e+01
6.423155800000000681e+01,2.773102899999999948e+01
6.423159699999999361e+01,2.773094599999999943e+01
6.423162299999999902e+01,2.773084400000000116e+01
6.423165699999999845e+01,2.773074400000000139e+01
6.423167599999999311e+01,2.773069500000000076e+01
6.423169300000000703e+01,2.773066700000000040e+01
6.423172300000000234e+01,2.773058699999999988e+01
6.423172999999999888e+01,2.773048100000000105e+01
6.423173300000000552e+01,2.773041900000000126e+01
6.423171700000000328e+01,2.773030599999999879e+01
6.423170700000000011e+01,2.773022599999999827e+01
6.423168200000000638e+01,2.773008199999999945e+01
6.423166200000000003e+01,2.772995999999999839e+01
6.423163700000000631e+01,2.772987200000000030e+01
6.423163900000000126e+01,2.772969499999999954e+01
6.423169500000000198e+01,2.772961700000000107e+01
6.423173900000000458e+01,2.772959300000000127e+01
6.423173900000000458e+01,2.772959300000000127e+01
6.423173900000000458e+01,2.772959300000000127e+01
