1.320000000000000000e+02,9.512000000000000000e+03
1.320000000000000000e+02,9.512000000000000000e+03
1.320000000000000000e+02,9.512000000000000000e+03
1.320000000000000000e+02,9.512000000000000000e+03
8.200000000000000000e+01,9.559000000000000000e+03
3.800000000000000000e+01,9.554000000000000000e+03
1.200000000000000000e+01,9.541000000000000000e+03
1.200000000000000000e+01,9.541000000000000000e+03
1.200000000000000000e+01,9.541000000000000000e+03
0.000000000000000000e+00,9.571000000000000000e+03
0.000000000000000000e+00,9.602000000000000000e+03
2.400000000000000000e+01,9.646000000000000000e+03
4.400000000000000000e+01,9.665000000000000000e+03
7.900000000000000000e+01,9.679000000000000000e+03
1.050000000000000000e+02,9.695000000000000000e+03
1.170000000000000000e+02,9.703000000000000000e+03
1.510000000000000000e+02,9.717000000000000000e+03
1.820000000000000000e+02,9.735000000000000000e+03
2.210000000000000000e+02,9.766000000000000000e+03
2.550000000000000000e+02,9.793000000000000000e+03
2.730000000000000000e+02,9.808000000000000000e+03
3.020000000000000000e+02,9.822000000000000000e+03
3.230000000000000000e+02,9.843000000000000000e+03
3.490000000000000000e+02,9.852000000000000000e+03
3.800000000000000000e+02,9.867000000000000000e+03
3.940000000000000000e+02,9.874000000000000000e+03
4.240000000000000000e+02,9.886000000000000000e+03
4.480000000000000000e+02,9.896000000000000000e+03
4.810000000000000000e+02,9.915000000000000000e+03
4.950000000000000000e+02,9.922000000000000000e+03
5.110000000000000000e+02,9.929000000000000000e+03
5.350000000000000000e+02,9.940000000000000000e+03
5.520000000000000000e+02,9.951000000000000000e+03
5.870000000000000000e+02,9.952000000000000000e+03
6.130000000000000000e+02,9.963000000000000000e+03
6.410000000000000000e+02,9.979000000000000000e+03
6.680000000000000000e+02,9.991000000000000000e+03
6.850000000000000000e+02,9.999000000000000000e+03
7.360000000000000000e+02,1.000000000000000000e+04
7.550000000000000000e+02,9.983000000000000000e+03
7.520000000000000000e+02,9.958000000000000000e+03
7.510000000000000000e+02,9.933000000000000000e+03
7.480000000000000000e+02,9.904000000000000000e+03
7.480000000000000000e+02,9.887000000000000000e+03
7.450000000000000000e+02,9.852000000000000000e+03
7.360000000000000000e+02,9.828000000000000000e+03
7.310000000000000000e+02,9.815000000000000000e+03
7.260000000000000000e+02,9.801000000000000000e+03
7.120000000000000000e+02,9.773000000000000000e+03
7.000000000000000000e+02,9.734000000000000000e+03
6.970000000000000000e+02,9.720000000000000000e+03
6.910000000000000000e+02,9.659000000000000000e+03
6.910000000000000000e+02,9.640000000000000000e+03
6.880000000000000000e+02,9.625000000000000000e+03
6.880000000000000000e+02,9.586000000000000000e+03
6.870000000000000000e+02,9.563000000000000000e+03
6.880000000000000000e+02,9.529000000000000000e+03
6.890000000000000000e+02,9.491000000000000000e+03
6.900000000000000000e+02,9.473000000000000000e+03
6.910000000000000000e+02,9.456000000000000000e+03
6.850000000000000000e+02,9.418000000000000000e+03
6.880000000000000000e+02,9.375000000000000000e+03
6.860000000000000000e+02,9.347000000000000000e+03
6.890000000000000000e+02,9.321000000000000000e+03
6.910000000000000000e+02,9.296000000000000000e+03
6.970000000000000000e+02,9.226000000000000000e+03
6.980000000000000000e+02,9.187000000000000000e+03
6.950000000000000000e+02,9.148000000000000000e+03
7.060000000000000000e+02,9.074000000000000000e+03
7.090000000000000000e+02,9.042000000000000000e+03
7.140000000000000000e+02,9.009000000000000000e+03
7.150000000000000000e+02,8.978000000000000000e+03
7.180000000000000000e+02,8.948000000000000000e+03
7.110000000000000000e+02,8.897000000000000000e+03
7.100000000000000000e+02,8.865000000000000000e+03
7.010000000000000000e+02,8.838000000000000000e+03
6.950000000000000000e+02,8.813000000000000000e+03
6.990000000000000000e+02,8.787000000000000000e+03
7.010000000000000000e+02,8.762000000000000000e+03
7.050000000000000000e+02,8.730000000000000000e+03
7.190000000000000000e+02,8.688000000000000000e+03
7.200000000000000000e+02,8.660000000000000000e+03
7.300000000000000000e+02,8.592000000000000000e+03
7.330000000000000000e+02,8.572000000000000000e+03
7.520000000000000000e+02,8.534000000000000000e+03
7.610000000000000000e+02,8.512000000000000000e+03
7.780000000000000000e+02,8.450000000000000000e+03
7.840000000000000000e+02,8.411000000000000000e+03
7.970000000000000000e+02,8.373000000000000000e+03
8.050000000000000000e+02,8.354000000000000000e+03
8.150000000000000000e+02,8.335000000000000000e+03
8.250000000000000000e+02,8.315000000000000000e+03
8.280000000000000000e+02,8.284000000000000000e+03
8.340000000000000000e+02,8.253000000000000000e+03
8.440000000000000000e+02,8.227000000000000000e+03
8.590000000000000000e+02,8.206000000000000000e+03
8.730000000000000000e+02,8.184000000000000000e+03
9.140000000000000000e+02,8.121000000000000000e+03
9.280000000000000000e+02,8.101000000000000000e+03
9.560000000000000000e+02,8.056000000000000000e+03
1.034000000000000000e+03,7.984000000000000000e+03
1.065000000000000000e+03,7.960000000000000000e+03
1.096000000000000000e+03,7.942000000000000000e+03
1.120000000000000000e+03,7.897000000000000000e+03
1.181000000000000000e+03,7.838000000000000000e+03
1.208000000000000000e+03,7.817000000000000000e+03
1.272000000000000000e+03,7.762000000000000000e+03
1.298000000000000000e+03,7.740000000000000000e+03
1.321000000000000000e+03,7.715000000000000000e+03
1.368000000000000000e+03,7.650000000000000000e+03
1.384000000000000000e+03,7.631000000000000000e+03
1.404000000000000000e+03,7.608000000000000000e+03
1.418000000000000000e+03,7.592000000000000000e+03
1.434000000000000000e+03,7.571000000000000000e+03
1.451000000000000000e+03,7.550000000000000000e+03
1.485000000000000000e+03,7.524000000000000000e+03
1.498000000000000000e+03,7.513000000000000000e+03
1.538000000000000000e+03,7.490000000000000000e+03
1.570000000000000000e+03,7.460000000000000000e+03
1.620000000000000000e+03,7.428000000000000000e+03
1.671000000000000000e+03,7.396000000000000000e+03
1.684000000000000000e+03,7.387000000000000000e+03
1.716000000000000000e+03,7.369000000000000000e+03
1.729000000000000000e+03,7.361000000000000000e+03
1.768000000000000000e+03,7.328000000000000000e+03
1.801000000000000000e+03,7.306000000000000000e+03
1.816000000000000000e+03,7.295000000000000000e+03
1.829000000000000000e+03,7.285000000000000000e+03
1.847000000000000000e+03,7.273000000000000000e+03
1.869000000000000000e+03,7.258000000000000000e+03
1.889000000000000000e+03,7.246000000000000000e+03
1.903000000000000000e+03,7.237000000000000000e+03
1.930000000000000000e+03,7.214000000000000000e+03
1.975000000000000000e+03,7.186000000000000000e+03
2.004000000000000000e+03,7.166000000000000000e+03
2.029000000000000000e+03,7.155000000000000000e+03
2.080000000000000000e+03,7.142000000000000000e+03
2.115000000000000000e+03,7.134000000000000000e+03
2.200000000000000000e+03,7.098000000000000000e+03
2.225000000000000000e+03,7.077000000000000000e+03
2.256000000000000000e+03,7.066000000000000000e+03
2.287000000000000000e+03,7.060000000000000000e+03
2.362000000000000000e+03,7.035000000000000000e+03
2.402000000000000000e+03,7.022000000000000000e+03
2.451000000000000000e+03,6.994000000000000000e+03
2.482000000000000000e+03,6.985000000000000000e+03
2.500000000000000000e+03,6.980000000000000000e+03
2.520000000000000000e+03,6.974000000000000000e+03
2.546000000000000000e+03,6.965000000000000000e+03
2.571000000000000000e+03,6.957000000000000000e+03
2.613000000000000000e+03,6.945000000000000000e+03
2.634000000000000000e+03,6.938000000000000000e+03
2.659000000000000000e+03,6.931000000000000000e+03
2.682000000000000000e+03,6.923000000000000000e+03
2.707000000000000000e+03,6.915000000000000000e+03
2.730000000000000000e+03,6.908000000000000000e+03
2.748000000000000000e+03,6.902000000000000000e+03
2.764000000000000000e+03,6.898000000000000000e+03
2.777000000000000000e+03,6.894000000000000000e+03
2.804000000000000000e+03,6.885000000000000000e+03
2.826000000000000000e+03,6.878000000000000000e+03
2.845000000000000000e+03,6.872000000000000000e+03
2.875000000000000000e+03,6.868000000000000000e+03
2.907000000000000000e+03,6.857000000000000000e+03
2.921000000000000000e+03,6.852000000000000000e+03
2.934000000000000000e+03,6.847000000000000000e+03
2.961000000000000000e+03,6.841000000000000000e+03
2.975000000000000000e+03,6.838000000000000000e+03
2.990000000000000000e+03,6.834000000000000000e+03
3.008000000000000000e+03,6.830000000000000000e+03
3.021000000000000000e+03,6.827000000000000000e+03
3.047000000000000000e+03,6.821000000000000000e+03
3.100000000000000000e+03,6.808000000000000000e+03
3.152000000000000000e+03,6.790000000000000000e+03
3.166000000000000000e+03,6.786000000000000000e+03
3.188000000000000000e+03,6.779000000000000000e+03
3.215000000000000000e+03,6.772000000000000000e+03
3.248000000000000000e+03,6.772000000000000000e+03
3.281000000000000000e+03,6.768000000000000000e+03
3.335000000000000000e+03,6.749000000000000000e+03
3.363000000000000000e+03,6.734000000000000000e+03
3.390000000000000000e+03,6.715000000000000000e+03
3.404000000000000000e+03,6.705000000000000000e+03
3.417000000000000000e+03,6.696000000000000000e+03
3.428000000000000000e+03,6.689000000000000000e+03
3.452000000000000000e+03,6.671000000000000000e+03
3.470000000000000000e+03,6.657000000000000000e+03
3.500000000000000000e+03,6.639000000000000000e+03
3.513000000000000000e+03,6.632000000000000000e+03
3.536000000000000000e+03,6.621000000000000000e+03
3.575000000000000000e+03,6.610000000000000000e+03
3.589000000000000000e+03,6.606000000000000000e+03
3.629000000000000000e+03,6.595000000000000000e+03
3.647000000000000000e+03,6.590000000000000000e+03
3.666000000000000000e+03,6.586000000000000000e+03
3.684000000000000000e+03,6.583000000000000000e+03
3.703000000000000000e+03,6.578000000000000000e+03
3.740000000000000000e+03,6.565000000000000000e+03
3.769000000000000000e+03,6.559000000000000000e+03
3.789000000000000000e+03,6.554000000000000000e+03
3.827000000000000000e+03,6.540000000000000000e+03
3.843000000000000000e+03,6.535000000000000000e+03
3.860000000000000000e+03,6.529000000000000000e+03
3.876000000000000000e+03,6.523000000000000000e+03
3.903000000000000000e+03,6.505000000000000000e+03
3.918000000000000000e+03,6.496000000000000000e+03
3.944000000000000000e+03,6.481000000000000000e+03
3.956000000000000000e+03,6.474000000000000000e+03
4.004000000000000000e+03,6.454000000000000000e+03
4.037000000000000000e+03,6.442000000000000000e+03
4.051000000000000000e+03,6.436000000000000000e+03
4.083000000000000000e+03,6.427000000000000000e+03
4.106000000000000000e+03,6.421000000000000000e+03
4.126000000000000000e+03,6.415000000000000000e+03
4.145000000000000000e+03,6.408000000000000000e+03
4.162000000000000000e+03,6.401000000000000000e+03
4.174000000000000000e+03,6.395000000000000000e+03
4.211000000000000000e+03,6.370000000000000000e+03
4.238000000000000000e+03,6.353000000000000000e+03
4.271000000000000000e+03,6.342000000000000000e+03
4.284000000000000000e+03,6.336000000000000000e+03
4.313000000000000000e+03,6.323000000000000000e+03
4.347000000000000000e+03,6.321000000000000000e+03
4.362000000000000000e+03,6.320000000000000000e+03
4.388000000000000000e+03,6.309000000000000000e+03
4.422000000000000000e+03,6.291000000000000000e+03
4.453000000000000000e+03,6.270000000000000000e+03
4.492000000000000000e+03,6.252000000000000000e+03
4.525000000000000000e+03,6.247000000000000000e+03
4.553000000000000000e+03,6.240000000000000000e+03
4.579000000000000000e+03,6.222000000000000000e+03
4.607000000000000000e+03,6.206000000000000000e+03
4.629000000000000000e+03,6.189000000000000000e+03
4.655000000000000000e+03,6.174000000000000000e+03
4.680000000000000000e+03,6.162000000000000000e+03
4.710000000000000000e+03,6.162000000000000000e+03
4.740000000000000000e+03,6.168000000000000000e+03
4.766000000000000000e+03,6.156000000000000000e+03
4.785000000000000000e+03,6.145000000000000000e+03
4.801000000000000000e+03,6.136000000000000000e+03
4.826000000000000000e+03,6.119000000000000000e+03
4.848000000000000000e+03,6.105000000000000000e+03
4.867000000000000000e+03,6.096000000000000000e+03
4.894000000000000000e+03,6.093000000000000000e+03
4.924000000000000000e+03,6.082000000000000000e+03
4.939000000000000000e+03,6.075000000000000000e+03
4.971000000000000000e+03,6.067000000000000000e+03
5.032000000000000000e+03,6.053000000000000000e+03
5.074000000000000000e+03,6.039000000000000000e+03
5.096000000000000000e+03,6.032000000000000000e+03
5.118000000000000000e+03,6.021000000000000000e+03
5.143000000000000000e+03,6.013000000000000000e+03
5.177000000000000000e+03,5.995000000000000000e+03
5.198000000000000000e+03,5.979000000000000000e+03
5.217000000000000000e+03,5.964000000000000000e+03
5.242000000000000000e+03,5.948000000000000000e+03
5.263000000000000000e+03,5.929000000000000000e+03
5.291000000000000000e+03,5.899000000000000000e+03
5.313000000000000000e+03,5.879000000000000000e+03
5.365000000000000000e+03,5.846000000000000000e+03
5.393000000000000000e+03,5.822000000000000000e+03
5.426000000000000000e+03,5.805000000000000000e+03
5.449000000000000000e+03,5.792000000000000000e+03
5.467000000000000000e+03,5.783000000000000000e+03
5.495000000000000000e+03,5.759000000000000000e+03
5.522000000000000000e+03,5.745000000000000000e+03
5.546000000000000000e+03,5.735000000000000000e+03
5.558000000000000000e+03,5.728000000000000000e+03
5.583000000000000000e+03,5.711000000000000000e+03
5.614000000000000000e+03,5.681000000000000000e+03
5.645000000000000000e+03,5.656000000000000000e+03
5.659000000000000000e+03,5.646000000000000000e+03
5.673000000000000000e+03,5.634000000000000000e+03
5.689000000000000000e+03,5.621000000000000000e+03
5.719000000000000000e+03,5.593000000000000000e+03
5.761000000000000000e+03,5.565000000000000000e+03
5.783000000000000000e+03,5.539000000000000000e+03
5.799000000000000000e+03,5.519000000000000000e+03
5.828000000000000000e+03,5.496000000000000000e+03
5.844000000000000000e+03,5.484000000000000000e+03
5.865000000000000000e+03,5.462000000000000000e+03
5.894000000000000000e+03,5.434000000000000000e+03
5.920000000000000000e+03,5.418000000000000000e+03
5.953000000000000000e+03,5.400000000000000000e+03
5.967000000000000000e+03,5.392000000000000000e+03
6.019000000000000000e+03,5.351000000000000000e+03
6.029000000000000000e+03,5.343000000000000000e+03
6.041000000000000000e+03,5.334000000000000000e+03
6.053000000000000000e+03,5.324000000000000000e+03
6.077000000000000000e+03,5.303000000000000000e+03
6.131000000000000000e+03,5.263000000000000000e+03
6.154000000000000000e+03,5.231000000000000000e+03
6.163000000000000000e+03,5.216000000000000000e+03
6.190000000000000000e+03,5.187000000000000000e+03
6.226000000000000000e+03,5.165000000000000000e+03
6.248000000000000000e+03,5.154000000000000000e+03
6.266000000000000000e+03,5.145000000000000000e+03
6.315000000000000000e+03,5.116000000000000000e+03
6.330000000000000000e+03,5.108000000000000000e+03
6.345000000000000000e+03,5.100000000000000000e+03
6.381000000000000000e+03,5.069000000000000000e+03
6.397000000000000000e+03,5.033000000000000000e+03
6.403000000000000000e+03,5.014000000000000000e+03
6.411000000000000000e+03,4.993000000000000000e+03
6.418000000000000000e+03,4.974000000000000000e+03
6.431000000000000000e+03,4.942000000000000000e+03
6.455000000000000000e+03,4.913000000000000000e+03
6.467000000000000000e+03,4.900000000000000000e+03
6.480000000000000000e+03,4.888000000000000000e+03
6.491000000000000000e+03,4.876000000000000000e+03
6.503000000000000000e+03,4.864000000000000000e+03
6.516000000000000000e+03,4.852000000000000000e+03
6.529000000000000000e+03,4.838000000000000000e+03
6.546000000000000000e+03,4.819000000000000000e+03
6.562000000000000000e+03,4.802000000000000000e+03
6.597000000000000000e+03,4.769000000000000000e+03
6.613000000000000000e+03,4.752000000000000000e+03
6.627000000000000000e+03,4.736000000000000000e+03
6.670000000000000000e+03,4.690000000000000000e+03
6.684000000000000000e+03,4.676000000000000000e+03
6.698000000000000000e+03,4.662000000000000000e+03
6.728000000000000000e+03,4.632000000000000000e+03
6.738000000000000000e+03,4.622000000000000000e+03
6.750000000000000000e+03,4.608000000000000000e+03
6.765000000000000000e+03,4.591000000000000000e+03
6.784000000000000000e+03,4.555000000000000000e+03
6.796000000000000000e+03,4.519000000000000000e+03
6.821000000000000000e+03,4.491000000000000000e+03
6.839000000000000000e+03,4.471000000000000000e+03
6.856000000000000000e+03,4.451000000000000000e+03
6.885000000000000000e+03,4.412000000000000000e+03
6.897000000000000000e+03,4.396000000000000000e+03
6.916000000000000000e+03,4.359000000000000000e+03
6.925000000000000000e+03,4.339000000000000000e+03
6.946000000000000000e+03,4.299000000000000000e+03
6.972000000000000000e+03,4.243000000000000000e+03
6.981000000000000000e+03,4.226000000000000000e+03
6.990000000000000000e+03,4.209000000000000000e+03
6.998000000000000000e+03,4.192000000000000000e+03
7.006000000000000000e+03,4.176000000000000000e+03
7.014000000000000000e+03,4.152000000000000000e+03
7.026000000000000000e+03,4.128000000000000000e+03
7.032000000000000000e+03,4.117000000000000000e+03
7.041000000000000000e+03,4.102000000000000000e+03
7.053000000000000000e+03,4.085000000000000000e+03
7.066000000000000000e+03,4.069000000000000000e+03
7.078000000000000000e+03,4.054000000000000000e+03
7.097000000000000000e+03,4.023000000000000000e+03
7.107000000000000000e+03,4.007000000000000000e+03
7.127000000000000000e+03,3.975000000000000000e+03
7.134000000000000000e+03,3.961000000000000000e+03
7.142000000000000000e+03,3.950000000000000000e+03
7.148000000000000000e+03,3.937000000000000000e+03
7.158000000000000000e+03,3.910000000000000000e+03
7.178000000000000000e+03,3.875000000000000000e+03
7.188000000000000000e+03,3.859000000000000000e+03
7.198000000000000000e+03,3.844000000000000000e+03
7.208000000000000000e+03,3.828000000000000000e+03
7.222000000000000000e+03,3.809000000000000000e+03
7.234000000000000000e+03,3.793000000000000000e+03
7.247000000000000000e+03,3.776000000000000000e+03
7.261000000000000000e+03,3.760000000000000000e+03
7.271000000000000000e+03,3.746000000000000000e+03
7.282000000000000000e+03,3.731000000000000000e+03
7.293000000000000000e+03,3.713000000000000000e+03
7.305000000000000000e+03,3.698000000000000000e+03
7.315000000000000000e+03,3.683000000000000000e+03
7.325000000000000000e+03,3.670000000000000000e+03
7.350000000000000000e+03,3.643000000000000000e+03
7.360000000000000000e+03,3.633000000000000000e+03
7.386000000000000000e+03,3.599000000000000000e+03
7.413000000000000000e+03,3.567000000000000000e+03
7.437000000000000000e+03,3.547000000000000000e+03
7.457000000000000000e+03,3.505000000000000000e+03
7.473000000000000000e+03,3.471000000000000000e+03
7.509000000000000000e+03,3.449000000000000000e+03
7.546000000000000000e+03,3.433000000000000000e+03
7.563000000000000000e+03,3.425000000000000000e+03
7.602000000000000000e+03,3.395000000000000000e+03
7.627000000000000000e+03,3.368000000000000000e+03
7.654000000000000000e+03,3.338000000000000000e+03
7.681000000000000000e+03,3.310000000000000000e+03
7.696000000000000000e+03,3.294000000000000000e+03
7.733000000000000000e+03,3.265000000000000000e+03
7.760000000000000000e+03,3.240000000000000000e+03
7.786000000000000000e+03,3.204000000000000000e+03
7.800000000000000000e+03,3.187000000000000000e+03
7.812000000000000000e+03,3.171000000000000000e+03
7.839000000000000000e+03,3.144000000000000000e+03
7.854000000000000000e+03,3.131000000000000000e+03
7.887000000000000000e+03,3.113000000000000000e+03
7.900000000000000000e+03,3.106000000000000000e+03
7.928000000000000000e+03,3.084000000000000000e+03
7.953000000000000000e+03,3.057000000000000000e+03
7.967000000000000000e+03,3.044000000000000000e+03
8.009000000000000000e+03,3.015000000000000000e+03
8.026000000000000000e+03,3.003000000000000000e+03
8.041000000000000000e+03,2.992000000000000000e+03
8.056000000000000000e+03,2.980000000000000000e+03
8.071000000000000000e+03,2.969000000000000000e+03
8.084000000000000000e+03,2.959000000000000000e+03
8.113000000000000000e+03,2.935000000000000000e+03
8.136000000000000000e+03,2.914000000000000000e+03
8.146000000000000000e+03,2.905000000000000000e+03
8.158000000000000000e+03,2.895000000000000000e+03
8.172000000000000000e+03,2.884000000000000000e+03
8.186000000000000000e+03,2.873000000000000000e+03
8.198000000000000000e+03,2.862000000000000000e+03
8.210000000000000000e+03,2.850000000000000000e+03
8.222000000000000000e+03,2.837000000000000000e+03
8.235000000000000000e+03,2.822000000000000000e+03
8.258000000000000000e+03,2.793000000000000000e+03
8.268000000000000000e+03,2.780000000000000000e+03
8.276000000000000000e+03,2.767000000000000000e+03
8.285000000000000000e+03,2.753000000000000000e+03
8.291000000000000000e+03,2.741000000000000000e+03
8.297000000000000000e+03,2.730000000000000000e+03
8.304000000000000000e+03,2.717000000000000000e+03
8.312000000000000000e+03,2.703000000000000000e+03
8.332000000000000000e+03,2.675000000000000000e+03
8.354000000000000000e+03,2.651000000000000000e+03
8.365000000000000000e+03,2.639000000000000000e+03
8.378000000000000000e+03,2.626000000000000000e+03
8.390000000000000000e+03,2.614000000000000000e+03
8.402000000000000000e+03,2.604000000000000000e+03
8.416000000000000000e+03,2.593000000000000000e+03
8.429000000000000000e+03,2.580000000000000000e+03
8.442000000000000000e+03,2.569000000000000000e+03
8.455000000000000000e+03,2.558000000000000000e+03
8.466000000000000000e+03,2.547000000000000000e+03
8.477000000000000000e+03,2.537000000000000000e+03
8.488000000000000000e+03,2.526000000000000000e+03
8.498000000000000000e+03,2.515000000000000000e+03
8.509000000000000000e+03,2.505000000000000000e+03
8.535000000000000000e+03,2.481000000000000000e+03
8.548000000000000000e+03,2.469000000000000000e+03
8.572000000000000000e+03,2.447000000000000000e+03
8.584000000000000000e+03,2.436000000000000000e+03
8.604000000000000000e+03,2.410000000000000000e+03
8.614000000000000000e+03,2.399000000000000000e+03
8.624000000000000000e+03,2.388000000000000000e+03
8.634000000000000000e+03,2.378000000000000000e+03
8.644000000000000000e+03,2.367000000000000000e+03
8.656000000000000000e+03,2.355000000000000000e+03
8.667000000000000000e+03,2.343000000000000000e+03
8.678000000000000000e+03,2.332000000000000000e+03
8.704000000000000000e+03,2.312000000000000000e+03
8.717000000000000000e+03,2.302000000000000000e+03
8.759000000000000000e+03,2.276000000000000000e+03
8.781000000000000000e+03,2.259000000000000000e+03
8.795000000000000000e+03,2.247000000000000000e+03
8.807000000000000000e+03,2.236000000000000000e+03
8.817000000000000000e+03,2.227000000000000000e+03
8.829000000000000000e+03,2.217000000000000000e+03
8.843000000000000000e+03,2.206000000000000000e+03
8.861000000000000000e+03,2.192000000000000000e+03
8.879000000000000000e+03,2.177000000000000000e+03
8.914000000000000000e+03,2.156000000000000000e+03
8.932000000000000000e+03,2.146000000000000000e+03
8.968000000000000000e+03,2.108000000000000000e+03
8.980000000000000000e+03,2.094000000000000000e+03
8.992000000000000000e+03,2.081000000000000000e+03
9.004000000000000000e+03,2.069000000000000000e+03
9.016000000000000000e+03,2.055000000000000000e+03
9.042000000000000000e+03,2.021000000000000000e+03
9.068000000000000000e+03,1.993000000000000000e+03
9.096000000000000000e+03,1.969000000000000000e+03
9.123000000000000000e+03,1.950000000000000000e+03
9.146000000000000000e+03,1.934000000000000000e+03
9.165000000000000000e+03,1.915000000000000000e+03
9.178000000000000000e+03,1.903000000000000000e+03
9.191000000000000000e+03,1.891000000000000000e+03
9.203000000000000000e+03,1.881000000000000000e+03
9.223000000000000000e+03,1.860000000000000000e+03
9.232000000000000000e+03,1.848000000000000000e+03
9.241000000000000000e+03,1.837000000000000000e+03
9.251000000000000000e+03,1.827000000000000000e+03
9.262000000000000000e+03,1.817000000000000000e+03
9.274000000000000000e+03,1.806000000000000000e+03
9.287000000000000000e+03,1.794000000000000000e+03
9.313000000000000000e+03,1.773000000000000000e+03
9.323000000000000000e+03,1.763000000000000000e+03
9.343000000000000000e+03,1.739000000000000000e+03
9.382000000000000000e+03,1.711000000000000000e+03
9.396000000000000000e+03,1.701000000000000000e+03
9.435000000000000000e+03,1.662000000000000000e+03
9.450000000000000000e+03,1.647000000000000000e+03
9.467000000000000000e+03,1.633000000000000000e+03
9.481000000000000000e+03,1.620000000000000000e+03
9.494000000000000000e+03,1.609000000000000000e+03
9.506000000000000000e+03,1.598000000000000000e+03
9.530000000000000000e+03,1.581000000000000000e+03
9.565000000000000000e+03,1.544000000000000000e+03
9.578000000000000000e+03,1.531000000000000000e+03
9.591000000000000000e+03,1.517000000000000000e+03
9.602000000000000000e+03,1.507000000000000000e+03
9.619000000000000000e+03,1.490000000000000000e+03
9.629000000000000000e+03,1.479000000000000000e+03
9.640000000000000000e+03,1.467000000000000000e+03
9.663000000000000000e+03,1.449000000000000000e+03
9.674000000000000000e+03,1.441000000000000000e+03
9.685000000000000000e+03,1.433000000000000000e+03
9.710000000000000000e+03,1.412000000000000000e+03
9.721000000000000000e+03,1.403000000000000000e+03
9.733000000000000000e+03,1.393000000000000000e+03
9.756000000000000000e+03,1.374000000000000000e+03
9.769000000000000000e+03,1.364000000000000000e+03
9.781000000000000000e+03,1.356000000000000000e+03
9.801000000000000000e+03,1.340000000000000000e+03
9.813000000000000000e+03,1.331000000000000000e+03
9.826000000000000000e+03,1.322000000000000000e+03
9.849000000000000000e+03,1.309000000000000000e+03
9.861000000000000000e+03,1.303000000000000000e+03
9.875000000000000000e+03,1.297000000000000000e+03
9.906000000000000000e+03,1.287000000000000000e+03
9.947000000000000000e+03,1.280000000000000000e+03
9.969000000000000000e+03,1.275000000000000000e+03
1.000000000000000000e+04,1.256000000000000000e+03
1.000000000000000000e+04,1.232000000000000000e+03
9.962000000000000000e+03,1.199000000000000000e+03
9.945000000000000000e+03,1.185000000000000000e+03
9.874000000000000000e+03,1.148000000000000000e+03
9.847000000000000000e+03,1.124000000000000000e+03
9.827000000000000000e+03,1.098000000000000000e+03
9.813000000000000000e+03,1.083000000000000000e+03
9.798000000000000000e+03,1.056000000000000000e+03
9.789000000000000000e+03,1.037000000000000000e+03
9.779000000000000000e+03,1.020000000000000000e+03
9.769000000000000000e+03,1.002000000000000000e+03
9.760000000000000000e+03,9.840000000000000000e+02
9.759000000000000000e+03,9.550000000000000000e+02
9.766000000000000000e+03,9.350000000000000000e+02
9.779000000000000000e+03,9.100000000000000000e+02
9.787000000000000000e+03,8.950000000000000000e+02
9.794000000000000000e+03,8.810000000000000000e+02
9.799000000000000000e+03,8.660000000000000000e+02
9.799000000000000000e+03,8.410000000000000000e+02
9.788000000000000000e+03,8.180000000000000000e+02
9.769000000000000000e+03,7.940000000000000000e+02
9.760000000000000000e+03,7.790000000000000000e+02
9.750000000000000000e+03,7.630000000000000000e+02
9.721000000000000000e+03,7.360000000000000000e+02
9.707000000000000000e+03,7.230000000000000000e+02
9.692000000000000000e+03,7.080000000000000000e+02
9.676000000000000000e+03,6.940000000000000000e+02
9.658000000000000000e+03,6.790000000000000000e+02
9.641000000000000000e+03,6.640000000000000000e+02
9.623000000000000000e+03,6.490000000000000000e+02
9.605000000000000000e+03,6.340000000000000000e+02
9.588000000000000000e+03,6.180000000000000000e+02
9.571000000000000000e+03,6.000000000000000000e+02
9.555000000000000000e+03,5.840000000000000000e+02
9.527000000000000000e+03,5.620000000000000000e+02
9.515000000000000000e+03,5.510000000000000000e+02
9.473000000000000000e+03,5.200000000000000000e+02
9.430000000000000000e+03,5.050000000000000000e+02
9.399000000000000000e+03,4.810000000000000000e+02
9.385000000000000000e+03,4.700000000000000000e+02
9.347000000000000000e+03,4.310000000000000000e+02
9.337000000000000000e+03,4.200000000000000000e+02
9.326000000000000000e+03,4.080000000000000000e+02
9.313000000000000000e+03,3.960000000000000000e+02
9.298000000000000000e+03,3.830000000000000000e+02
9.283000000000000000e+03,3.720000000000000000e+02
9.268000000000000000e+03,3.610000000000000000e+02
9.254000000000000000e+03,3.500000000000000000e+02
9.239000000000000000e+03,3.390000000000000000e+02
9.225000000000000000e+03,3.270000000000000000e+02
9.203000000000000000e+03,3.040000000000000000e+02
9.180000000000000000e+03,2.850000000000000000e+02
9.168000000000000000e+03,2.740000000000000000e+02
9.156000000000000000e+03,2.620000000000000000e+02
9.144000000000000000e+03,2.510000000000000000e+02
9.132000000000000000e+03,2.400000000000000000e+02
9.119000000000000000e+03,2.290000000000000000e+02
9.105000000000000000e+03,2.180000000000000000e+02
9.092000000000000000e+03,2.070000000000000000e+02
9.080000000000000000e+03,1.960000000000000000e+02
9.070000000000000000e+03,1.850000000000000000e+02
9.060000000000000000e+03,1.750000000000000000e+02
9.034000000000000000e+03,1.360000000000000000e+02
9.026000000000000000e+03,1.230000000000000000e+02
9.006000000000000000e+03,9.100000000000000000e+01
8.995000000000000000e+03,7.500000000000000000e+01
8.982000000000000000e+03,5.700000000000000000e+01
8.967000000000000000e+03,3.800000000000000000e+01
8.947000000000000000e+03,2.100000000000000000e+01
8.903000000000000000e+03,0.000000000000000000e+00
8.853000000000000000e+03,0.000000000000000000e+00
8.813000000000000000e+03,1.800000000000000000e+01
8.797000000000000000e+03,5.200000000000000000e+01
8.787000000000000000e+03,9.100000000000000000e+01
8.776000000000000000e+03,1.260000000000000000e+02
8.771000000000000000e+03,1.440000000000000000e+02
8.764000000000000000e+03,1.770000000000000000e+02
8.760000000000000000e+03,1.910000000000000000e+02
8.754000000000000000e+03,2.060000000000000000e+02
8.747000000000000000e+03,2.350000000000000000e+02
8.739000000000000000e+03,2.710000000000000000e+02
8.736000000000000000e+03,2.900000000000000000e+02
8.732000000000000000e+03,3.060000000000000000e+02
8.727000000000000000e+03,3.210000000000000000e+02
8.724000000000000000e+03,3.380000000000000000e+02
8.722000000000000000e+03,3.530000000000000000e+02
8.727000000000000000e+03,3.850000000000000000e+02
8.725000000000000000e+03,4.220000000000000000e+02
8.723000000000000000e+03,4.390000000000000000e+02
8.721000000000000000e+03,4.540000000000000000e+02
8.711000000000000000e+03,4.800000000000000000e+02
8.698000000000000000e+03,5.050000000000000000e+02
8.692000000000000000e+03,5.190000000000000000e+02
8.686000000000000000e+03,5.350000000000000000e+02
8.681000000000000000e+03,5.490000000000000000e+02
8.676000000000000000e+03,5.640000000000000000e+02
8.668000000000000000e+03,6.000000000000000000e+02
8.664000000000000000e+03,6.150000000000000000e+02
8.658000000000000000e+03,6.280000000000000000e+02
8.652000000000000000e+03,6.440000000000000000e+02
8.642000000000000000e+03,6.710000000000000000e+02
8.637000000000000000e+03,6.860000000000000000e+02
8.628000000000000000e+03,7.160000000000000000e+02
8.623000000000000000e+03,7.310000000000000000e+02
8.619000000000000000e+03,7.470000000000000000e+02
8.614000000000000000e+03,7.730000000000000000e+02
8.608000000000000000e+03,8.010000000000000000e+02
8.593000000000000000e+03,8.330000000000000000e+02
8.578000000000000000e+03,8.560000000000000000e+02
8.569000000000000000e+03,8.690000000000000000e+02
8.559000000000000000e+03,8.810000000000000000e+02
8.536000000000000000e+03,9.050000000000000000e+02
8.491000000000000000e+03,9.360000000000000000e+02
8.439000000000000000e+03,9.570000000000000000e+02
8.407000000000000000e+03,9.640000000000000000e+02
8.393000000000000000e+03,9.670000000000000000e+02
8.378000000000000000e+03,9.720000000000000000e+02
8.364000000000000000e+03,9.760000000000000000e+02
8.349000000000000000e+03,9.800000000000000000e+02
8.333000000000000000e+03,9.830000000000000000e+02
8.291000000000000000e+03,9.860000000000000000e+02
8.273000000000000000e+03,9.890000000000000000e+02
8.255000000000000000e+03,9.930000000000000000e+02
8.239000000000000000e+03,9.970000000000000000e+02
8.220000000000000000e+03,1.001000000000000000e+03
8.184000000000000000e+03,1.011000000000000000e+03
8.131000000000000000e+03,1.029000000000000000e+03
8.077000000000000000e+03,1.042000000000000000e+03
8.048000000000000000e+03,1.063000000000000000e+03
8.010000000000000000e+03,1.081000000000000000e+03
7.695000000000000000e+03,1.168000000000000000e+03
7.677000000000000000e+03,1.173000000000000000e+03
7.646000000000000000e+03,1.186000000000000000e+03
7.618000000000000000e+03,1.201000000000000000e+03
7.582000000000000000e+03,1.210000000000000000e+03
7.554000000000000000e+03,1.221000000000000000e+03
7.538000000000000000e+03,1.229000000000000000e+03
7.506000000000000000e+03,1.237000000000000000e+03
7.490000000000000000e+03,1.242000000000000000e+03
7.473000000000000000e+03,1.247000000000000000e+03
7.436000000000000000e+03,1.253000000000000000e+03
7.414000000000000000e+03,1.255000000000000000e+03
7.390000000000000000e+03,1.257000000000000000e+03
7.372000000000000000e+03,1.259000000000000000e+03
7.357000000000000000e+03,1.262000000000000000e+03
7.338000000000000000e+03,1.266000000000000000e+03
7.319000000000000000e+03,1.270000000000000000e+03
7.262000000000000000e+03,1.294000000000000000e+03
7.235000000000000000e+03,1.303000000000000000e+03
7.190000000000000000e+03,1.313000000000000000e+03
7.157000000000000000e+03,1.315000000000000000e+03
7.141000000000000000e+03,1.315000000000000000e+03
7.127000000000000000e+03,1.317000000000000000e+03
7.098000000000000000e+03,1.316000000000000000e+03
7.062000000000000000e+03,1.320000000000000000e+03
7.000000000000000000e+03,1.337000000000000000e+03
6.985000000000000000e+03,1.340000000000000000e+03
6.969000000000000000e+03,1.344000000000000000e+03
6.952000000000000000e+03,1.349000000000000000e+03
6.934000000000000000e+03,1.355000000000000000e+03
6.913000000000000000e+03,1.362000000000000000e+03
6.860000000000000000e+03,1.372000000000000000e+03
6.812000000000000000e+03,1.382000000000000000e+03
6.774000000000000000e+03,1.383000000000000000e+03
6.754000000000000000e+03,1.383000000000000000e+03
6.736000000000000000e+03,1.381000000000000000e+03
6.717000000000000000e+03,1.380000000000000000e+03
6.698000000000000000e+03,1.379000000000000000e+03
6.679000000000000000e+03,1.378000000000000000e+03
6.660000000000000000e+03,1.377000000000000000e+03
6.608000000000000000e+03,1.375000000000000000e+03
6.553000000000000000e+03,1.382000000000000000e+03
6.537000000000000000e+03,1.383000000000000000e+03
6.513000000000000000e+03,1.385000000000000000e+03
6.486000000000000000e+03,1.386000000000000000e+03
6.458000000000000000e+03,1.390000000000000000e+03
6.445000000000000000e+03,1.391000000000000000e+03
6.419000000000000000e+03,1.393000000000000000e+03
6.390000000000000000e+03,1.395000000000000000e+03
6.374000000000000000e+03,1.397000000000000000e+03
6.361000000000000000e+03,1.398000000000000000e+03
6.335000000000000000e+03,1.404000000000000000e+03
6.295000000000000000e+03,1.409000000000000000e+03
6.255000000000000000e+03,1.419000000000000000e+03
6.224000000000000000e+03,1.425000000000000000e+03
6.197000000000000000e+03,1.440000000000000000e+03
6.146000000000000000e+03,1.444000000000000000e+03
6.115000000000000000e+03,1.445000000000000000e+03
6.079000000000000000e+03,1.458000000000000000e+03
6.059000000000000000e+03,1.478000000000000000e+03
6.048000000000000000e+03,1.490000000000000000e+03
6.031000000000000000e+03,1.509000000000000000e+03
6.019000000000000000e+03,1.537000000000000000e+03
6.010000000000000000e+03,1.570000000000000000e+03
5.994000000000000000e+03,1.595000000000000000e+03
5.982000000000000000e+03,1.617000000000000000e+03
5.972000000000000000e+03,1.645000000000000000e+03
5.965000000000000000e+03,1.667000000000000000e+03
5.960000000000000000e+03,1.680000000000000000e+03
5.955000000000000000e+03,1.693000000000000000e+03
5.947000000000000000e+03,1.718000000000000000e+03
5.943000000000000000e+03,1.730000000000000000e+03
5.939000000000000000e+03,1.757000000000000000e+03
5.931000000000000000e+03,1.782000000000000000e+03
5.920000000000000000e+03,1.820000000000000000e+03
5.918000000000000000e+03,1.847000000000000000e+03
5.907000000000000000e+03,1.883000000000000000e+03
5.884000000000000000e+03,1.921000000000000000e+03
5.867000000000000000e+03,1.958000000000000000e+03
5.851000000000000000e+03,1.982000000000000000e+03
5.834000000000000000e+03,2.004000000000000000e+03
5.803000000000000000e+03,2.024000000000000000e+03
5.763000000000000000e+03,2.026000000000000000e+03
5.743000000000000000e+03,2.027000000000000000e+03
5.694000000000000000e+03,2.017000000000000000e+03
5.645000000000000000e+03,2.005000000000000000e+03
5.626000000000000000e+03,2.000000000000000000e+03
5.603000000000000000e+03,1.995000000000000000e+03
5.579000000000000000e+03,1.991000000000000000e+03
5.560000000000000000e+03,1.987000000000000000e+03
5.533000000000000000e+03,1.983000000000000000e+03
5.516000000000000000e+03,1.982000000000000000e+03
5.496000000000000000e+03,1.982000000000000000e+03
5.444000000000000000e+03,1.991000000000000000e+03
5.378000000000000000e+03,2.029000000000000000e+03
5.355000000000000000e+03,2.072000000000000000e+03
5.341000000000000000e+03,2.107000000000000000e+03
5.335000000000000000e+03,2.122000000000000000e+03
5.331000000000000000e+03,2.135000000000000000e+03
5.328000000000000000e+03,2.150000000000000000e+03
5.325000000000000000e+03,2.166000000000000000e+03
5.317000000000000000e+03,2.200000000000000000e+03
5.312000000000000000e+03,2.228000000000000000e+03
5.305000000000000000e+03,2.265000000000000000e+03
5.303000000000000000e+03,2.289000000000000000e+03
5.299000000000000000e+03,2.320000000000000000e+03
5.293000000000000000e+03,2.365000000000000000e+03
5.283000000000000000e+03,2.405000000000000000e+03
5.274000000000000000e+03,2.439000000000000000e+03
5.267000000000000000e+03,2.456000000000000000e+03
5.263000000000000000e+03,2.472000000000000000e+03
5.259000000000000000e+03,2.487000000000000000e+03
5.255000000000000000e+03,2.501000000000000000e+03
5.251000000000000000e+03,2.516000000000000000e+03
5.246000000000000000e+03,2.532000000000000000e+03
5.242000000000000000e+03,2.548000000000000000e+03
5.237000000000000000e+03,2.563000000000000000e+03
5.233000000000000000e+03,2.578000000000000000e+03
5.229000000000000000e+03,2.594000000000000000e+03
5.225000000000000000e+03,2.611000000000000000e+03
5.221000000000000000e+03,2.627000000000000000e+03
5.218000000000000000e+03,2.664000000000000000e+03
5.215000000000000000e+03,2.694000000000000000e+03
5.210000000000000000e+03,2.737000000000000000e+03
5.205000000000000000e+03,2.766000000000000000e+03
5.203000000000000000e+03,2.784000000000000000e+03
5.194000000000000000e+03,2.819000000000000000e+03
5.190000000000000000e+03,2.834000000000000000e+03
5.183000000000000000e+03,2.871000000000000000e+03
5.180000000000000000e+03,2.887000000000000000e+03
5.177000000000000000e+03,2.902000000000000000e+03
5.174000000000000000e+03,2.919000000000000000e+03
5.171000000000000000e+03,2.935000000000000000e+03
5.168000000000000000e+03,2.949000000000000000e+03
5.167000000000000000e+03,2.965000000000000000e+03
5.165000000000000000e+03,2.981000000000000000e+03
5.156000000000000000e+03,3.024000000000000000e+03
5.153000000000000000e+03,3.050000000000000000e+03
5.151000000000000000e+03,3.064000000000000000e+03
5.149000000000000000e+03,3.079000000000000000e+03
5.146000000000000000e+03,3.092000000000000000e+03
5.139000000000000000e+03,3.116000000000000000e+03
5.136000000000000000e+03,3.129000000000000000e+03
5.132000000000000000e+03,3.146000000000000000e+03
5.130000000000000000e+03,3.163000000000000000e+03
5.127000000000000000e+03,3.178000000000000000e+03
5.125000000000000000e+03,3.194000000000000000e+03
5.123000000000000000e+03,3.209000000000000000e+03
5.120000000000000000e+03,3.224000000000000000e+03
5.119000000000000000e+03,3.239000000000000000e+03
5.119000000000000000e+03,3.261000000000000000e+03
5.118000000000000000e+03,3.276000000000000000e+03
5.119000000000000000e+03,3.289000000000000000e+03
5.114000000000000000e+03,3.323000000000000000e+03
5.111000000000000000e+03,3.336000000000000000e+03
5.109000000000000000e+03,3.350000000000000000e+03
5.109000000000000000e+03,3.375000000000000000e+03
5.107000000000000000e+03,3.391000000000000000e+03
5.109000000000000000e+03,3.422000000000000000e+03
5.109000000000000000e+03,3.446000000000000000e+03
5.110000000000000000e+03,3.463000000000000000e+03
5.112000000000000000e+03,3.477000000000000000e+03
5.114000000000000000e+03,3.504000000000000000e+03
5.114000000000000000e+03,3.520000000000000000e+03
5.113000000000000000e+03,3.555000000000000000e+03
5.111000000000000000e+03,3.573000000000000000e+03
5.106000000000000000e+03,3.623000000000000000e+03
5.106000000000000000e+03,3.656000000000000000e+03
5.107000000000000000e+03,3.671000000000000000e+03
5.107000000000000000e+03,3.686000000000000000e+03
5.106000000000000000e+03,3.702000000000000000e+03
5.106000000000000000e+03,3.720000000000000000e+03
5.105000000000000000e+03,3.737000000000000000e+03
5.108000000000000000e+03,3.772000000000000000e+03
5.109000000000000000e+03,3.789000000000000000e+03
5.109000000000000000e+03,3.807000000000000000e+03
5.109000000000000000e+03,3.825000000000000000e+03
5.108000000000000000e+03,3.858000000000000000e+03
5.102000000000000000e+03,3.896000000000000000e+03
5.102000000000000000e+03,3.923000000000000000e+03
5.108000000000000000e+03,3.970000000000000000e+03
5.109000000000000000e+03,3.982000000000000000e+03
5.102000000000000000e+03,4.036000000000000000e+03
5.103000000000000000e+03,4.063000000000000000e+03
5.105000000000000000e+03,4.102000000000000000e+03
5.106000000000000000e+03,4.119000000000000000e+03
5.107000000000000000e+03,4.136000000000000000e+03
5.108000000000000000e+03,4.153000000000000000e+03
5.108000000000000000e+03,4.168000000000000000e+03
5.108000000000000000e+03,4.182000000000000000e+03
5.111000000000000000e+03,4.213000000000000000e+03
5.111000000000000000e+03,4.235000000000000000e+03
5.111000000000000000e+03,4.261000000000000000e+03
5.112000000000000000e+03,4.278000000000000000e+03
5.114000000000000000e+03,4.294000000000000000e+03
5.114000000000000000e+03,4.309000000000000000e+03
5.114000000000000000e+03,4.332000000000000000e+03
5.114000000000000000e+03,4.344000000000000000e+03
5.115000000000000000e+03,4.374000000000000000e+03
5.117000000000000000e+03,4.390000000000000000e+03
5.117000000000000000e+03,4.404000000000000000e+03
5.115000000000000000e+03,4.430000000000000000e+03
5.118000000000000000e+03,4.461000000000000000e+03
5.120000000000000000e+03,4.474000000000000000e+03
5.120000000000000000e+03,4.487000000000000000e+03
5.118000000000000000e+03,4.501000000000000000e+03
5.118000000000000000e+03,4.517000000000000000e+03
5.118000000000000000e+03,4.549000000000000000e+03
5.119000000000000000e+03,4.563000000000000000e+03
5.120000000000000000e+03,4.593000000000000000e+03
5.120000000000000000e+03,4.608000000000000000e+03
5.120000000000000000e+03,4.641000000000000000e+03
5.121000000000000000e+03,4.658000000000000000e+03
5.123000000000000000e+03,4.673000000000000000e+03
5.125000000000000000e+03,4.689000000000000000e+03
5.126000000000000000e+03,4.704000000000000000e+03
5.121000000000000000e+03,4.748000000000000000e+03
5.120000000000000000e+03,4.763000000000000000e+03
5.117000000000000000e+03,4.776000000000000000e+03
5.114000000000000000e+03,4.791000000000000000e+03
5.112000000000000000e+03,4.806000000000000000e+03
5.111000000000000000e+03,4.831000000000000000e+03
5.112000000000000000e+03,4.857000000000000000e+03
5.112000000000000000e+03,4.857000000000000000e+03
5.112000000000000000e+03,4.857000000000000000e+03
5.076000000000000000e+03,4.859000000000000000e+03
5.043000000000000000e+03,4.855000000000000000e+03
4.999000000000000000e+03,4.874000000000000000e+03
4.967000000000000000e+03,4.884000000000000000e+03
4.911000000000000000e+03,4.890000000000000000e+03
4.876000000000000000e+03,4.894000000000000000e+03
4.858000000000000000e+03,4.897000000000000000e+03
4.808000000000000000e+03,4.909000000000000000e+03
4.786000000000000000e+03,4.914000000000000000e+03
4.772000000000000000e+03,4.918000000000000000e+03
4.747000000000000000e+03,4.926000000000000000e+03
4.714000000000000000e+03,4.933000000000000000e+03
4.698000000000000000e+03,4.936000000000000000e+03
4.664000000000000000e+03,4.943000000000000000e+03
4.645000000000000000e+03,4.946000000000000000e+03
4.616000000000000000e+03,4.946000000000000000e+03
4.551000000000000000e+03,4.948000000000000000e+03
4.507000000000000000e+03,4.954000000000000000e+03
4.467000000000000000e+03,4.964000000000000000e+03
4.448000000000000000e+03,4.970000000000000000e+03
4.428000000000000000e+03,4.975000000000000000e+03
4.394000000000000000e+03,4.982000000000000000e+03
4.360000000000000000e+03,4.986000000000000000e+03
4.342000000000000000e+03,4.988000000000000000e+03
4.310000000000000000e+03,4.996000000000000000e+03
4.282000000000000000e+03,5.006000000000000000e+03
4.250000000000000000e+03,5.006000000000000000e+03
4.205000000000000000e+03,5.015000000000000000e+03
4.149000000000000000e+03,5.028000000000000000e+03
4.130000000000000000e+03,5.031000000000000000e+03
4.113000000000000000e+03,5.035000000000000000e+03
4.098000000000000000e+03,5.038000000000000000e+03
4.052000000000000000e+03,5.047000000000000000e+03
4.001000000000000000e+03,5.055000000000000000e+03
3.952000000000000000e+03,5.049000000000000000e+03
3.906000000000000000e+03,5.036000000000000000e+03
3.880000000000000000e+03,5.024000000000000000e+03
3.855000000000000000e+03,5.010000000000000000e+03
3.842000000000000000e+03,5.004000000000000000e+03
3.806000000000000000e+03,4.981000000000000000e+03
3.791000000000000000e+03,4.971000000000000000e+03
3.771000000000000000e+03,4.960000000000000000e+03
3.750000000000000000e+03,4.950000000000000000e+03
3.709000000000000000e+03,4.931000000000000000e+03
3.694000000000000000e+03,4.923000000000000000e+03
3.669000000000000000e+03,4.912000000000000000e+03
3.652000000000000000e+03,4.907000000000000000e+03
3.632000000000000000e+03,4.901000000000000000e+03
3.612000000000000000e+03,4.896000000000000000e+03
3.541000000000000000e+03,4.884000000000000000e+03
3.507000000000000000e+03,4.889000000000000000e+03
3.462000000000000000e+03,4.914000000000000000e+03
3.434000000000000000e+03,4.932000000000000000e+03
3.420000000000000000e+03,4.940000000000000000e+03
3.408000000000000000e+03,4.948000000000000000e+03
3.393000000000000000e+03,4.957000000000000000e+03
3.376000000000000000e+03,4.968000000000000000e+03
3.359000000000000000e+03,4.980000000000000000e+03
3.323000000000000000e+03,5.004000000000000000e+03
3.306000000000000000e+03,5.015000000000000000e+03
3.290000000000000000e+03,5.025000000000000000e+03
3.274000000000000000e+03,5.035000000000000000e+03
3.258000000000000000e+03,5.045000000000000000e+03
3.242000000000000000e+03,5.055000000000000000e+03
3.227000000000000000e+03,5.066000000000000000e+03
3.197000000000000000e+03,5.083000000000000000e+03
3.182000000000000000e+03,5.091000000000000000e+03
3.167000000000000000e+03,5.101000000000000000e+03
3.141000000000000000e+03,5.115000000000000000e+03
3.115000000000000000e+03,5.132000000000000000e+03
3.095000000000000000e+03,5.146000000000000000e+03
3.084000000000000000e+03,5.154000000000000000e+03
3.066000000000000000e+03,5.170000000000000000e+03
3.047000000000000000e+03,5.187000000000000000e+03
3.035000000000000000e+03,5.197000000000000000e+03
3.025000000000000000e+03,5.207000000000000000e+03
3.009000000000000000e+03,5.226000000000000000e+03
2.989000000000000000e+03,5.244000000000000000e+03
2.955000000000000000e+03,5.274000000000000000e+03
2.943000000000000000e+03,5.284000000000000000e+03
2.929000000000000000e+03,5.294000000000000000e+03
2.915000000000000000e+03,5.307000000000000000e+03
2.900000000000000000e+03,5.320000000000000000e+03
2.887000000000000000e+03,5.330000000000000000e+03
2.876000000000000000e+03,5.338000000000000000e+03
2.863000000000000000e+03,5.347000000000000000e+03
2.835000000000000000e+03,5.362000000000000000e+03
2.812000000000000000e+03,5.378000000000000000e+03
2.800000000000000000e+03,5.387000000000000000e+03
2.785000000000000000e+03,5.397000000000000000e+03
2.771000000000000000e+03,5.407000000000000000e+03
2.759000000000000000e+03,5.415000000000000000e+03
2.747000000000000000e+03,5.423000000000000000e+03
2.734000000000000000e+03,5.431000000000000000e+03
2.720000000000000000e+03,5.441000000000000000e+03
2.709000000000000000e+03,5.449000000000000000e+03
2.699000000000000000e+03,5.458000000000000000e+03
2.687000000000000000e+03,5.468000000000000000e+03
2.674000000000000000e+03,5.477000000000000000e+03
2.651000000000000000e+03,5.496000000000000000e+03
2.640000000000000000e+03,5.505000000000000000e+03
2.613000000000000000e+03,5.524000000000000000e+03
2.599000000000000000e+03,5.533000000000000000e+03
2.586000000000000000e+03,5.543000000000000000e+03
2.571000000000000000e+03,5.554000000000000000e+03
2.554000000000000000e+03,5.565000000000000000e+03
2.527000000000000000e+03,5.587000000000000000e+03
2.502000000000000000e+03,5.611000000000000000e+03
2.489000000000000000e+03,5.623000000000000000e+03
2.461000000000000000e+03,5.642000000000000000e+03
2.447000000000000000e+03,5.652000000000000000e+03
2.419000000000000000e+03,5.675000000000000000e+03
2.404000000000000000e+03,5.687000000000000000e+03
2.390000000000000000e+03,5.699000000000000000e+03
2.374000000000000000e+03,5.714000000000000000e+03
2.356000000000000000e+03,5.729000000000000000e+03
2.338000000000000000e+03,5.744000000000000000e+03
2.278000000000000000e+03,5.798000000000000000e+03
2.256000000000000000e+03,5.818000000000000000e+03
2.240000000000000000e+03,5.838000000000000000e+03
2.232000000000000000e+03,5.848000000000000000e+03
2.217000000000000000e+03,5.874000000000000000e+03
2.211000000000000000e+03,5.885000000000000000e+03
2.202000000000000000e+03,5.901000000000000000e+03
2.193000000000000000e+03,5.922000000000000000e+03
2.169000000000000000e+03,5.937000000000000000e+03
2.150000000000000000e+03,5.956000000000000000e+03
2.128000000000000000e+03,5.985000000000000000e+03
2.113000000000000000e+03,6.002000000000000000e+03
2.094000000000000000e+03,6.038000000000000000e+03
2.082000000000000000e+03,6.067000000000000000e+03
2.074000000000000000e+03,6.089000000000000000e+03
2.058000000000000000e+03,6.115000000000000000e+03
2.046000000000000000e+03,6.147000000000000000e+03
2.040000000000000000e+03,6.177000000000000000e+03
2.037000000000000000e+03,6.190000000000000000e+03
2.035000000000000000e+03,6.205000000000000000e+03
2.034000000000000000e+03,6.235000000000000000e+03
2.044000000000000000e+03,6.263000000000000000e+03
2.052000000000000000e+03,6.279000000000000000e+03
2.058000000000000000e+03,6.295000000000000000e+03
2.072000000000000000e+03,6.324000000000000000e+03
2.079000000000000000e+03,6.336000000000000000e+03
2.092000000000000000e+03,6.359000000000000000e+03
2.100000000000000000e+03,6.372000000000000000e+03
2.106000000000000000e+03,6.383000000000000000e+03
2.129000000000000000e+03,6.415000000000000000e+03
2.159000000000000000e+03,6.442000000000000000e+03
2.178000000000000000e+03,6.474000000000000000e+03
2.191000000000000000e+03,6.494000000000000000e+03
2.202000000000000000e+03,6.526000000000000000e+03
2.216000000000000000e+03,6.663000000000000000e+03
2.227000000000000000e+03,6.694000000000000000e+03
2.231000000000000000e+03,6.723000000000000000e+03
2.223000000000000000e+03,6.748000000000000000e+03
2.210000000000000000e+03,6.777000000000000000e+03
2.204000000000000000e+03,6.792000000000000000e+03
2.195000000000000000e+03,6.807000000000000000e+03
2.187000000000000000e+03,6.821000000000000000e+03
2.180000000000000000e+03,6.833000000000000000e+03
2.165000000000000000e+03,6.861000000000000000e+03
2.143000000000000000e+03,6.889000000000000000e+03
2.107000000000000000e+03,6.912000000000000000e+03
2.059000000000000000e+03,6.930000000000000000e+03
2.041000000000000000e+03,6.936000000000000000e+03
1.996000000000000000e+03,6.945000000000000000e+03
1.973000000000000000e+03,6.947000000000000000e+03
1.932000000000000000e+03,6.953000000000000000e+03
1.913000000000000000e+03,6.956000000000000000e+03
1.894000000000000000e+03,6.958000000000000000e+03
1.875000000000000000e+03,6.960000000000000000e+03
1.855000000000000000e+03,6.963000000000000000e+03
1.814000000000000000e+03,6.976000000000000000e+03
1.772000000000000000e+03,6.986000000000000000e+03
1.731000000000000000e+03,6.992000000000000000e+03
1.666000000000000000e+03,7.003000000000000000e+03
1.642000000000000000e+03,7.017000000000000000e+03
1.613000000000000000e+03,7.032000000000000000e+03
1.564000000000000000e+03,7.046000000000000000e+03
1.528000000000000000e+03,7.059000000000000000e+03
1.502000000000000000e+03,7.070000000000000000e+03
1.490000000000000000e+03,7.093000000000000000e+03
1.460000000000000000e+03,7.094000000000000000e+03
1.427000000000000000e+03,7.105000000000000000e+03
1.407000000000000000e+03,7.121000000000000000e+03
1.377000000000000000e+03,7.134000000000000000e+03
1.353000000000000000e+03,7.159000000000000000e+03
1.345000000000000000e+03,7.186000000000000000e+03
1.343000000000000000e+03,7.198000000000000000e+03
1.323000000000000000e+03,7.215000000000000000e+03
1.296000000000000000e+03,7.222000000000000000e+03
1.274000000000000000e+03,7.227000000000000000e+03
1.260000000000000000e+03,7.229000000000000000e+03
1.246000000000000000e+03,7.232000000000000000e+03
1.232000000000000000e+03,7.234000000000000000e+03
1.215000000000000000e+03,7.237000000000000000e+03
1.181000000000000000e+03,7.250000000000000000e+03
1.162000000000000000e+03,7.273000000000000000e+03
1.133000000000000000e+03,7.305000000000000000e+03
1.125000000000000000e+03,7.316000000000000000e+03
1.115000000000000000e+03,7.329000000000000000e+03
1.093000000000000000e+03,7.360000000000000000e+03
1.073000000000000000e+03,7.385000000000000000e+03
1.058000000000000000e+03,7.410000000000000000e+03
1.043000000000000000e+03,7.441000000000000000e+03
1.034000000000000000e+03,7.456000000000000000e+03
1.027000000000000000e+03,7.468000000000000000e+03
1.010000000000000000e+03,7.495000000000000000e+03
1.001000000000000000e+03,7.510000000000000000e+03
9.920000000000000000e+02,7.524000000000000000e+03
9.800000000000000000e+02,7.551000000000000000e+03
9.720000000000000000e+02,7.566000000000000000e+03
9.650000000000000000e+02,7.581000000000000000e+03
9.560000000000000000e+02,7.595000000000000000e+03
9.490000000000000000e+02,7.609000000000000000e+03
9.390000000000000000e+02,7.634000000000000000e+03
9.310000000000000000e+02,7.655000000000000000e+03
9.070000000000000000e+02,7.686000000000000000e+03
8.740000000000000000e+02,7.707000000000000000e+03
8.410000000000000000e+02,7.721000000000000000e+03
8.280000000000000000e+02,7.726000000000000000e+03
8.000000000000000000e+02,7.733000000000000000e+03
7.680000000000000000e+02,7.735000000000000000e+03
7.330000000000000000e+02,7.732000000000000000e+03
7.140000000000000000e+02,7.730000000000000000e+03
6.950000000000000000e+02,7.728000000000000000e+03
6.730000000000000000e+02,7.726000000000000000e+03
6.550000000000000000e+02,7.724000000000000000e+03
6.380000000000000000e+02,7.724000000000000000e+03
5.980000000000000000e+02,7.722000000000000000e+03
5.790000000000000000e+02,7.722000000000000000e+03
5.630000000000000000e+02,7.723000000000000000e+03
5.450000000000000000e+02,7.724000000000000000e+03
5.270000000000000000e+02,7.727000000000000000e+03
5.100000000000000000e+02,7.730000000000000000e+03
4.810000000000000000e+02,7.744000000000000000e+03
4.530000000000000000e+02,7.766000000000000000e+03
4.360000000000000000e+02,7.794000000000000000e+03
4.070000000000000000e+02,7.833000000000000000e+03
3.980000000000000000e+02,7.846000000000000000e+03
3.890000000000000000e+02,7.860000000000000000e+03
3.800000000000000000e+02,7.873000000000000000e+03
3.670000000000000000e+02,7.906000000000000000e+03
3.560000000000000000e+02,7.929000000000000000e+03
3.330000000000000000e+02,7.970000000000000000e+03
3.170000000000000000e+02,7.998000000000000000e+03
3.040000000000000000e+02,8.020000000000000000e+03
2.910000000000000000e+02,8.039000000000000000e+03
2.750000000000000000e+02,8.064000000000000000e+03
2.690000000000000000e+02,8.075000000000000000e+03
2.620000000000000000e+02,8.087000000000000000e+03
2.550000000000000000e+02,8.099000000000000000e+03
2.470000000000000000e+02,8.110000000000000000e+03
2.380000000000000000e+02,8.134000000000000000e+03
2.310000000000000000e+02,8.151000000000000000e+03
2.130000000000000000e+02,8.174000000000000000e+03
1.980000000000000000e+02,8.204000000000000000e+03
1.920000000000000000e+02,8.216000000000000000e+03
1.490000000000000000e+02,8.267000000000000000e+03
1.340000000000000000e+02,8.291000000000000000e+03
1.210000000000000000e+02,8.310000000000000000e+03
1.000000000000000000e+02,8.344000000000000000e+03
9.100000000000000000e+01,8.371000000000000000e+03
8.500000000000000000e+01,8.400000000000000000e+03
7.700000000000000000e+01,8.430000000000000000e+03
7.000000000000000000e+01,8.446000000000000000e+03
6.400000000000000000e+01,8.463000000000000000e+03
4.500000000000000000e+01,8.505000000000000000e+03
3.600000000000000000e+01,8.533000000000000000e+03
3.100000000000000000e+01,8.546000000000000000e+03
2.400000000000000000e+01,8.582000000000000000e+03
2.200000000000000000e+01,8.595000000000000000e+03
2.200000000000000000e+01,8.608000000000000000e+03
2.300000000000000000e+01,8.637000000000000000e+03
2.100000000000000000e+01,8.658000000000000000e+03
2.100000000000000000e+01,8.672000000000000000e+03
2.100000000000000000e+01,8.693000000000000000e+03
2.900000000000000000e+01,8.721000000000000000e+03
3.300000000000000000e+01,8.739000000000000000e+03
3.700000000000000000e+01,8.780000000000000000e+03
2.800000000000000000e+01,8.812000000000000000e+03
2.500000000000000000e+01,8.839000000000000000e+03
2.500000000000000000e+01,8.854000000000000000e+03
3.000000000000000000e+01,8.885000000000000000e+03
3.900000000000000000e+01,8.915000000000000000e+03
4.600000000000000000e+01,8.946000000000000000e+03
4.800000000000000000e+01,8.965000000000000000e+03
4.300000000000000000e+01,8.992000000000000000e+03
4.700000000000000000e+01,9.016000000000000000e+03
5.400000000000000000e+01,9.040000000000000000e+03
5.300000000000000000e+01,9.073000000000000000e+03
4.300000000000000000e+01,9.098000000000000000e+03
3.600000000000000000e+01,9.114000000000000000e+03
3.000000000000000000e+01,9.128000000000000000e+03
2.500000000000000000e+01,9.158000000000000000e+03
2.500000000000000000e+01,9.172000000000000000e+03
2.300000000000000000e+01,9.184000000000000000e+03
1.300000000000000000e+01,9.217000000000000000e+03
9.000000000000000000e+00,9.238000000000000000e+03
6.000000000000000000e+00,9.261000000000000000e+03
6.000000000000000000e+00,9.273000000000000000e+03
5.000000000000000000e+00,9.286000000000000000e+03
2.000000000000000000e+00,9.320000000000000000e+03
6.000000000000000000e+00,9.350000000000000000e+03
1.000000000000000000e+01,9.377000000000000000e+03
1.200000000000000000e+01,9.390000000000000000e+03
1.300000000000000000e+01,9.402000000000000000e+03
2.000000000000000000e+01,9.427000000000000000e+03
4.000000000000000000e+01,9.468000000000000000e+03
4.600000000000000000e+01,9.481000000000000000e+03
5.500000000000000000e+01,9.501000000000000000e+03
6.300000000000000000e+01,9.517000000000000000e+03
6.300000000000000000e+01,9.517000000000000000e+03
6.300000000000000000e+01,9.517000000000000000e+03
